WKT,highway,noname,name,surface,maxspeed,ref,lanes,oneway,service,bridge,layer
"LINESTRING (-59.634703 13.2425414,-59.6347023 13.2424144,-59.6347281 13.2422808,-59.6347337 13.2421553,-59.6347367 13.2420886,-59.6347367 13.2418714,-59.6347109 13.2416625,-59.6346766 13.2414453,-59.6346423 13.2412782,-59.6346337 13.2411445,-59.6346852 13.2410359,-59.6347968 13.2409523,-59.6349427 13.2408604,-59.6350285 13.2408103,-59.6351315 13.2407351,-59.6351401 13.2406599,-59.6351315 13.240568,-59.6352345 13.2404761,-59.6353547 13.2404176,-59.6355092 13.2403675,-59.6357151 13.240309,-59.6358525 13.2402923,-59.6359726 13.2402422,-59.63611 13.2400834,-59.6362215 13.2399832,-59.6363331 13.2399915,-59.6364447 13.2400584,-59.6365134 13.240192,-59.6365906 13.2403174,-59.636788 13.2403591,-59.6370369 13.2403424,-59.6372258 13.2403675,-59.6373803 13.2404009,-59.6375519 13.2404594)",track,yes,,,,,,,,,
"LINESTRING (-59.6386162 13.2389137,-59.6381442 13.2389304,-59.6375777 13.2389555,-59.6369082 13.2389973,-59.6363589 13.2390307,-59.6359126 13.2390808,-59.6355092 13.2390975,-59.6342646 13.2392229,-59.6338955 13.2392563,-59.6336731 13.2392864,-59.6335865 13.2392981,-59.6332861 13.2393649,-59.6327883 13.2394819,-59.6325051 13.2395654,-59.6323763 13.2395905,-59.6320759 13.2396406,-59.6314322 13.2396657,-59.6310202 13.2396824,-59.6307627 13.2397242,-59.6306254 13.2398411,-59.6305825 13.2399748,-59.6305567 13.2401586,-59.6303765 13.2404343,-59.6302134 13.2406683,-59.6301018 13.240969,-59.6299902 13.2413534,-59.6298701 13.2421722,-59.6298308 13.242457,-59.629742 13.2431011)",track,yes,,,,,,,,,
"LINESTRING (-59.6341002 13.2516003,-59.6336687 13.2512376)",track,yes,,,,,,,,,
"LINESTRING (-59.6323763 13.2395905,-59.6323592 13.239273,-59.6323248 13.2387801,-59.6322648 13.238354,-59.632239 13.2380448,-59.6321961 13.2377691)",track,yes,,,,,,,,,
"LINESTRING (-59.6347337 13.2421553,-59.634874 13.2421137,-59.6351143 13.2421137,-59.635389 13.2421137,-59.6356293 13.2421137,-59.6357581 13.242122,-59.6359211 13.2421554,-59.6360928 13.2422056,-59.6362645 13.2421972,-59.6364705 13.2421554,-59.6366765 13.2421554)",track,yes,,,,,,,,,
"LINESTRING (-59.6296641 13.2358057,-59.6297757 13.2360145,-59.6298186 13.23619,-59.6298186 13.2363488,-59.6298272 13.2365159,-59.6298443 13.2366412,-59.62981 13.2367749,-59.6297499 13.2369002,-59.629707 13.2370673,-59.6297242 13.2372093,-59.6297842 13.2374349,-59.6299302 13.2381117,-59.6299902 13.2382119,-59.6301018 13.2382788,-59.6302391 13.2383205,-59.6303593 13.2383205,-59.6304709 13.2382871,-59.6306769 13.2382119,-59.6308915 13.23812,-59.6315781 13.2379111,-59.6321961 13.2377691,-59.632445 13.2376939,-59.6325737 13.2376605,-59.6326081 13.2376104,-59.6328312 13.2375185,-59.6330801 13.2374015,-59.6332604 13.2373096,-59.6334406 13.2372845,-59.6335522 13.2373096,-59.6335265 13.2375352,-59.6335522 13.2379278,-59.6335951 13.2384876,-59.6336466 13.2389388,-59.6336731 13.2392864)",track,yes,,,,,,,,,
"LINESTRING (-59.6107383 13.2416814,-59.6103786 13.2397508)",track,yes,,,,,,,,,
"LINESTRING (-59.6146669 13.2420656,-59.6121295 13.2417894,-59.6107383 13.2416814,-59.6096064 13.2415936,-59.608147 13.2414803,-59.607674 13.2415849,-59.6073917 13.2416474,-59.606911 13.2417226,-59.6063102 13.2416892,-59.6049369 13.2416808,-59.6044134 13.2417309)",track,yes,,,,,,,,,
"LINESTRING (-59.5896485 13.2703098,-59.5897257 13.2702681,-59.5902407 13.2703098,-59.5905926 13.2703767,-59.5908758 13.2704017,-59.5910647 13.2703934)",track,yes,,,,,,,,,
"LINESTRING (-59.5911333 13.2709364,-59.5911333 13.2707192,-59.5911419 13.2705521,-59.5910647 13.2703934,-59.5909702 13.2701678,-59.5909102 13.2699757,-59.5908587 13.2696666,-59.5908844 13.2694995,-59.5908072 13.2690985,-59.5907471 13.2688396,-59.5903093 13.2687142,-59.5900604 13.2686975,-59.5898459 13.2686641,-59.5895626 13.2686307,-59.5894854 13.2687226)",track,yes,,,,,,,,,
"LINESTRING (-59.5947725 13.268873,-59.5946095 13.269157,-59.5943691 13.2694744,-59.5938799 13.2699506,-59.5935366 13.2703433,-59.5933306 13.270502)",track,yes,,,,,,,,,
"LINESTRING (-59.6048008 13.2689247,-59.6048292 13.2688548,-59.6049237 13.2680779,-59.6047348 13.2680027,-59.6047777 13.2674012,-59.6048292 13.2666326)",track,yes,,,,,,,,,
"LINESTRING (-59.5943691 13.2694744,-59.5945151 13.271329)",track,yes,,,,,,,,,
"LINESTRING (-59.6043144 13.2697766,-59.6035677 13.2697277,-59.6025635 13.2697277)",track,yes,,,,,,,,,
"LINESTRING (-59.5991893 13.2712013,-59.5988238 13.2691236,-59.5987122 13.268096,-59.5986608 13.2674503)",track,yes,,,,,,,,,
"LINESTRING (-59.6007257 13.2711011,-59.5998245 13.2711428,-59.5991893 13.2712013,-59.5988718 13.2712347,-59.5973684 13.2711688)",track,yes,,,,,,,,,
"LINESTRING (-59.6007257 13.2711011,-59.6007343 13.2709925,-59.6007085 13.2708755,-59.6006691 13.2705521,-59.6007034 13.2704351,-59.6007893 13.2703433,-59.6009266 13.2702514,-59.6011669 13.2701177,-59.6012184 13.2700676,-59.6012356 13.2699757,-59.6012528 13.2699005,-59.6013386 13.269842,-59.6014416 13.2698086,-59.6016218 13.2697919,-59.6017652 13.2697444)",track,yes,,,,,,,,,
"LINESTRING (-59.6042686 13.2708461,-59.6054617 13.2708879)",track,yes,,,,,,,,,
"LINESTRING (-59.6068865 13.270679,-59.6055132 13.2705955)",track,yes,,,,,,,,,
"LINESTRING (-59.6042314 13.2722559,-59.6042686 13.2708461,-59.6043144 13.2697766,-59.6043201 13.2696432,-59.6043974 13.2693424,-59.6045261 13.2690751,-59.6046205 13.2689748,-59.6048008 13.2689247,-59.6051355 13.269025,-59.6054274 13.2690417,-59.6055818 13.2689999,-59.6056505 13.2680726,-59.6056505 13.2676549)",track,yes,,,,,,,,,
"LINESTRING (-59.6054604 13.2723487,-59.6054274 13.271481,-59.6054617 13.2708879,-59.6055132 13.2705955,-59.6054274 13.2696264)",track,yes,,,,,,,,,
"LINESTRING (-59.6083628 13.2693591,-59.6091009 13.2692923,-59.6100622 13.2692923,-59.6106287 13.2692589,-59.6107612 13.2692245,-59.6108862 13.269192,-59.6111523 13.2690333,-59.6114097 13.2689581)",track,yes,,,,,,,,,
"LINESTRING (-59.6056505 13.2680726,-59.6072126 13.268223,-59.6084829 13.268365,-59.6092125 13.2684151,-59.6092897 13.2680392,-59.6102425 13.2681311,-59.610354 13.268223,-59.6102768 13.2685739,-59.6110922 13.2686657,-59.6114097 13.2689581,-59.6118818 13.2691169,-59.6120106 13.2692422,-59.6119848 13.2698019,-59.6122681 13.2698019,-59.6123056 13.2698383)",track,yes,,,,,,,,,
"LINESTRING (-59.6068951 13.2711134,-59.6082683 13.27108)",track,yes,,,,,,,,,
"LINESTRING (-59.6083013 13.2720962,-59.6082683 13.27108,-59.6083628 13.2693591)",track,yes,,,,,,,,,
"LINESTRING (-59.6266576 13.2725514,-59.6269666 13.2724428,-59.6271383 13.2724094,-59.6272499 13.2723008,-59.6273872 13.2722089,-59.6276704 13.2721254,-59.6278164 13.272092,-59.6279279 13.2720251,-59.6280824 13.2719082,-59.6282026 13.2718079,-59.6284257 13.2717161,-59.6284772 13.2715573,-59.6285631 13.2709726,-59.6286146 13.2709057,-59.6288721 13.2708389,-59.6291896 13.2706384,-59.6294815 13.2705215,-59.6296789 13.2704129)",track,,Rose Hill,,,,,,,,
"LINESTRING (-59.606869 13.272418,-59.6068951 13.2711134,-59.6068865 13.270679)",track,yes,,,,,,,,,
"LINESTRING (-59.5791596 13.3024875,-59.5788577 13.3023819,-59.5782311 13.3023485,-59.5780595 13.3023903,-59.5778621 13.3027996,-59.5776024 13.3027958,-59.577287 13.3027912,-59.5769694 13.3025239,-59.5768321 13.3024655,-59.5767463 13.3026075,-59.5767892 13.302858)",track,yes,,,,,,,,,
"LINESTRING (-59.5846022 13.3084347,-59.5844151 13.3084987,-59.5827253 13.3091197,-59.5824689 13.3091474)",track,yes,,,,,,,,,
"LINESTRING (-59.5824689 13.3091474,-59.5824307 13.3088128,-59.5824135 13.3086618)",track,yes,,,,,,,,,
"LINESTRING (-59.5815032 13.3090465,-59.5821988 13.309082,-59.5824689 13.3091474)",track,yes,,,,,,,,,
"LINESTRING (-59.5799344 13.3086015,-59.5798559 13.3087216,-59.5797915 13.308857,-59.5797853 13.3090267,-59.5797957 13.3092186,-59.579669 13.3093217,-59.5796047 13.3094025)",track,,,,,,,,,,
"LINESTRING (-59.5796343 13.3085032,-59.5795065 13.3085526,-59.5794194 13.308645,-59.5793665 13.308744,-59.5793585 13.3088721,-59.5794868 13.3094898)",track,,,,,,,,,,
"LINESTRING (-59.5815456 13.2483954,-59.581901 13.2485913,-59.5824232 13.2487781,-59.5826408 13.2488447,-59.5827904 13.2489321,-59.5830191 13.2489966,-59.5832414 13.2490985,-59.5833248 13.2491048,-59.5834488 13.2490548,-59.5835792 13.2490153,-59.5836903 13.2490132,-59.5838442 13.2490007,-59.5840173 13.2489258,-59.5841948 13.2488384,-59.5844577 13.2486907,-59.5845667 13.2486387,-59.584727 13.2486075,-59.584945 13.2485888,-59.5852571 13.2485971,-59.5855435 13.2486241,-59.5857572 13.2486533,-59.5861292 13.2487386,-59.5864199 13.2488176,-59.5865011 13.248828,-59.5866422 13.2488905,-59.5870269 13.2489758)",track,,,,,,,,,,
"LINESTRING (-59.5550399 13.2487909,-59.5551364 13.248676,-59.5552545 13.2486238,-59.5553725 13.2485298,-59.5555227 13.2484149,-59.55563 13.2483314,-59.5556514 13.2481434,-59.5557265 13.2479554,-59.5558124 13.247851,-59.5558982 13.2477465,-59.5559089 13.2476317,-59.555984 13.2475063,-59.5561128 13.247381,-59.5562093 13.247287,-59.5563273 13.2471408,-59.5563917 13.2470155,-59.5564346 13.2469319,-59.5565527 13.2468484,-59.5567136 13.2467231,-59.5569174 13.2465769,-59.5570569 13.2465038,-59.5571213 13.2463262,-59.5571918 13.2461564,-59.557224 13.2460415,-59.5571833 13.2459197)",track,yes,,,,,,,,,
"LINESTRING (-59.5556305 13.2506377,-59.5556091 13.2504601,-59.5556305 13.2502095,-59.5557164 13.2500111,-59.5558344 13.24975,-59.5559095 13.2495191,-59.5559518 13.2492921,-59.5559733 13.2491877,-59.555866 13.2490206,-59.5558124 13.2488744,-59.5557694 13.2487386,-59.5557158 13.2485611,-59.5557051 13.2484776,-59.5556729 13.2484045,-59.55563 13.2483314)",track,yes,,,,,,,,,
"LINESTRING (-59.5813807 13.2525716,-59.5813035 13.252488,-59.581046 13.2523961,-59.5809172 13.2523126,-59.5807885 13.2521455,-59.5807027 13.2519617,-59.5807112 13.2517779,-59.5807971 13.2513435,-59.5808743 13.2511847,-59.5809687 13.2510678,-59.5810288 13.2509174,-59.5810288 13.2507169,-59.5809945 13.2505331,-59.5809687 13.2504078,-59.58084 13.2502908,-59.5806254 13.2502407)",track,yes,,,,,,,,,
"LINESTRING (-59.5811661 13.2532734,-59.5808743 13.2533402,-59.580634 13.2533736,-59.580222 13.2534488,-59.5799302 13.2535574,-59.5796469 13.2537078,-59.5794581 13.2537663,-59.5792092 13.2538248,-59.5790375 13.2538749,-59.5789345 13.2538916,-59.5787371 13.2538665,-59.5785655 13.2538248,-59.5784796 13.2537412,-59.5784196 13.2535156,-59.5783423 13.2532065,-59.5782736 13.2531313,-59.5780505 13.2531564,-59.5778273 13.2532065,-59.5776042 13.2532065,-59.5773295 13.2533068,-59.5768746 13.2534655,-59.5767029 13.2535156,-59.5765227 13.2535156,-59.5763596 13.2534572,-59.5762566 13.2533736,-59.5760764 13.2533736,-59.5759219 13.2534405,-59.5757931 13.2535491,-59.5755957 13.2536075,-59.5754412 13.2535992,-59.5753039 13.2535658,-59.5751408 13.2536075,-59.5749091 13.2536075,-59.5747203 13.2535574,-59.5745057 13.2534822,-59.5744113 13.2533569,-59.574334 13.253123,-59.5743684 13.2528974,-59.5744542 13.2527053,-59.5745057 13.2525131,-59.5745143 13.2523377,-59.5744542 13.2522123,-59.5742911 13.2520118,-59.5741538 13.2517696,-59.5740336 13.2515941,-59.5739649 13.2514688,-59.5739478 13.2512934,-59.5739564 13.2511764,-59.5739478 13.2510511,-59.5739049 13.2509258,-59.5738963 13.2507336,-59.5740164 13.2505999,-59.5741538 13.2505414,-59.5743254 13.2504997,-59.5744971 13.250508,-59.5746688 13.2506333,-59.5747546 13.2508756,-59.5747374 13.2510344,-59.5748147 13.2511764,-59.5749005 13.2512599,-59.575055 13.251402,-59.5751666 13.2515941,-59.5752782 13.2517946,-59.5754155 13.2521372)",track,yes,,,,,,,,,
"LINESTRING (-59.5789345 13.2538916,-59.5788315 13.2539919,-59.5788315 13.2540587,-59.5788315 13.2542007,-59.5787972 13.254326,-59.5786942 13.2544179,-59.5785569 13.2544597,-59.5783166 13.2545098,-59.5781621 13.254585,-59.5780505 13.2546435,-59.5779046 13.2546686,-59.5778016 13.2547103,-59.5776471 13.2549526,-59.5775613 13.2550529,-59.5772437 13.2552283,-59.5770978 13.2553787,-59.5770205 13.2554956,-59.5768574 13.2557546,-59.5766858 13.2559802,-59.5765313 13.2561389,-59.576085 13.256448,-59.5759476 13.2565065,-59.5757416 13.2565316,-59.575467 13.2565399,-59.5751666 13.2564815,-59.5748061 13.2564146,-59.5745915 13.2564146,-59.5743855 13.2564313,-59.5742654 13.2564731,-59.574231 13.2566318,-59.5741967 13.2568407,-59.5740765 13.2569577,-59.5739134 13.2570663,-59.5737675 13.2571999,-59.5737075 13.257484,-59.5735959 13.257768,-59.5734585 13.2579017,-59.5731839 13.2580604,-59.5729092 13.2582108,-59.5725573 13.2584698,-59.5722912 13.2587121,-59.5720817 13.2589112)",track,yes,,,,,,,,,
"LINESTRING (-59.5728575 13.2660803,-59.5746164 13.2663965,-59.5748839 13.2663569,-59.5749869 13.2658891,-59.5752444 13.2653628,-59.575519 13.2649284,-59.5757508 13.264636,-59.5758108 13.2646026,-59.5758881 13.2645608,-59.5760512 13.2645859,-59.57624 13.264636,-59.5764975 13.2647112,-59.5767893 13.2647112,-59.5770983 13.2646945,-59.57733 13.2646694,-59.5774931 13.2646694,-59.5776648 13.2647446,-59.5779051 13.26492,-59.578307 13.2652705,-59.5786246 13.2654041,-59.5790452 13.2655044,-59.579234 13.2655378,-59.5794915 13.2654793,-59.5795945 13.2654125,-59.579749 13.2654209,-59.5799121 13.2655211,-59.5804185 13.2658051,-59.5808819 13.2660641,-59.5809764 13.2661894,-59.5810364 13.2663732,-59.5811223 13.2667575,-59.5811223 13.2669914,-59.5811566 13.2672086,-59.5813197 13.2674258,-59.5814828 13.2675678,-59.5817403 13.2679103,-59.5820321 13.2686204,-59.5823153 13.2690715,-59.5827359 13.269531)",track,yes,,,,,,,,,
"LINESTRING (-59.5748113 13.2687366,-59.57498 13.2687909,-59.5750806 13.2687156,-59.5751502 13.2685097,-59.5754712 13.2684247,-59.5758478 13.2683344,-59.5761315 13.2681887,-59.5770602 13.2681385,-59.5771479 13.2680532,-59.5772562 13.2680481,-59.5775967 13.2682841)",track,yes,,,,,,,,,
"LINESTRING (-59.5740109 13.268292,-59.5741032 13.2682589,-59.5742024 13.2682654,-59.574291 13.268315,-59.5744063 13.2683803,-59.5745002 13.268486,-59.5745672 13.2685434,-59.574708 13.2686165,-59.574763 13.2686635,-59.5748113 13.2687366,-59.574767 13.2688088,-59.5746611 13.2689726)",track,yes,,,,,,,,,
"LINESTRING (-59.5668971 13.2670884,-59.5671766 13.2671637,-59.5672809 13.2671918,-59.5677509 13.2671716,-59.5679354 13.267226,-59.5683557 13.2672482,-59.5693617 13.2672462,-59.5694632 13.2672623,-59.5700098 13.2671817,-59.5703935 13.2671454,-59.5708635 13.2671212,-59.5713046 13.2670587,-59.5716027 13.2670124,-59.5720977 13.2669298)",track,,,,,,,,,,
"LINESTRING (-59.5666872 13.259331,-59.5665695 13.2593578,-59.5662113 13.2593637,-59.566178 13.2593883,-59.566139 13.2594448)",track,yes,,,,,,,,,
"LINESTRING (-59.5672731 13.2556455,-59.5671357 13.2557117,-59.5670269 13.2558233,-59.5666964 13.2566252,-59.5665585 13.2571085,-59.5665361 13.257365,-59.5664978 13.2576476,-59.566426 13.2580549,-59.5664395 13.2583296,-59.5665294 13.2586508,-59.5666273 13.2589627,-59.5666554 13.259152,-59.5666872 13.259331,-59.5668139 13.259866,-59.5669424 13.2604678,-59.5670593 13.2610658,-59.5672567 13.2617926,-59.5674112 13.2620433,-59.5676343 13.2622772,-59.5677202 13.262486,-59.5676944 13.2627366,-59.5675399 13.2629121,-59.5672824 13.263146,-59.5669477 13.2632797,-59.5665786 13.2634802,-59.5655401 13.2642153,-59.5645702 13.2649087,-59.5644414 13.2651092,-59.5642783 13.2653849,-59.5639608 13.2655269,-59.5635059 13.2656856,-59.5631454 13.2657024,-59.562639 13.2656105,-59.5622699 13.2653598,-59.5619523 13.2651259,-59.5617378 13.2648252,-59.5616348 13.2642822,-59.5617893 13.2637057,-59.5618579 13.2632379,-59.5619609 13.2628285)",track,yes,,,,,,,,,
"LINESTRING (-59.5687546 13.2646665,-59.5669027 13.2662154,-59.5668437 13.2662318,-59.5667237 13.2662652,-59.5666343 13.2662714,-59.5664682 13.2664082,-59.5662512 13.2667589)",track,yes,,,,,,,,,
"LINESTRING (-59.5671766 13.2671637,-59.5671564 13.2670778,-59.5671701 13.2669289,-59.56711 13.2668597,-59.5669461 13.2667454,-59.566875 13.2666124,-59.5667849 13.2663199,-59.5668437 13.2662318)",track,,,,,,,,,,
"LINESTRING (-59.5670536 13.2673658,-59.5672809 13.2671918)",track,,,,,,,,,,
"LINESTRING (-59.5664393 13.2677691,-59.566377 13.2677188,-59.5662319 13.2676864,-59.5660606 13.2677026,-59.5658442 13.2678021,-59.5656444 13.2678646,-59.565378 13.2678878,-59.5651996 13.267904,-59.565133 13.2678646,-59.5651211 13.2677766,-59.5651829 13.2676632,-59.5653566 13.267515,-59.5654826 13.267353,-59.5656539 13.2672627,-59.5657918 13.2671909,-59.5659155 13.2670659,-59.5660035 13.2670289,-59.566063 13.2668992,-59.5661272 13.2668228,-59.5662512 13.2667589)",track,,,,,,,,,,
"LINESTRING (-59.567017 13.2674783,-59.5669533 13.2674236,-59.5668659 13.2674356,-59.5667894 13.2674901,-59.5667129 13.2675818,-59.5666569 13.2676629,-59.5665968 13.2677241,-59.5664684 13.2677653,-59.5664393 13.2677691,-59.5662512 13.2677932)",track,,,,,,,,,,
"LINESTRING (-59.5669785 13.2683711,-59.5670121 13.2684624,-59.5670012 13.2685395,-59.5669137 13.268606,-59.5666351 13.2687416,-59.5665066 13.2688426,-59.566446 13.2690531)",track,,,,,,,,,,
"LINESTRING (-59.565133 13.2678646,-59.5649956 13.2678767,-59.5648118 13.2679574,-59.5646207 13.2680416,-59.5642422 13.2681259)",track,,,,,,,,,,
"LINESTRING (-59.5663287 13.2687643,-59.5662362 13.2688373,-59.566064 13.2689011,-59.565758 13.268957,-59.5653427 13.2689889,-59.5651569 13.2689995,-59.5650312 13.2690341,-59.5647771 13.2690394,-59.564605 13.2691112)",track,,,,,,,,,,
"LINESTRING (-59.5783099 13.2761001,-59.5781927 13.2760486,-59.5781192 13.2760325,-59.5780157 13.2760718,-59.5779608 13.2760849,-59.5778614 13.2760476,-59.5778097 13.2760486,-59.5775232 13.2760325,-59.577457 13.2760173,-59.5773959 13.275978,-59.5773534 13.2759216,-59.5772732 13.2758642,-59.5771243 13.2757738,-59.5769986 13.2757286,-59.5769235 13.275698,-59.5768408 13.2756196,-59.5766454 13.2755478,-59.5765484 13.2755039,-59.5764268 13.2755012,-59.5763681 13.2754906,-59.5760307 13.2753324,-59.5759583 13.2752539,-59.5757889 13.2750532,-59.5757124 13.2749747,-59.5753326 13.2747872,-59.5751809 13.2747327,-59.5750634 13.2747048,-59.5749596 13.2747208,-59.5748913 13.2747208,-59.5747943 13.2746702,-59.5744596 13.274383,-59.5742615 13.27427,-59.5742233 13.2742288,-59.5741878 13.2741251,-59.5741864 13.2740267,-59.5742369 13.2740028,-59.5743107 13.2740214,-59.5744036 13.2740732,-59.5745088 13.2741636,-59.5746673 13.274286,-59.5747574 13.2743338,-59.5748326 13.2743445,-59.5749514 13.2743418,-59.5750798 13.2743086,-59.5752233 13.2742461,-59.5756436 13.27402)",track,,,,,,,,,,
"LINESTRING (-59.5761316 13.2802713,-59.5760337 13.2802615,-59.5759639 13.2802171,-59.5758754 13.2801831,-59.5757252 13.2801701,-59.5755804 13.2801988,-59.5749823 13.2804651,-59.5747677 13.280593,-59.5746041 13.2807731,-59.5743975 13.2810342,-59.5742473 13.2811934,-59.5741803 13.2812482,-59.5741454 13.2813109,-59.5741427 13.2814074,-59.5741334 13.2815479)",track,,,,,,,,,,
"LINESTRING (-59.5756011 13.2826164,-59.5755616 13.2825091,-59.5755643 13.2823759,-59.5755643 13.2821854,-59.5755643 13.2820026,-59.575575 13.2819034,-59.5755992 13.281833,-59.575626 13.2817781,-59.5757896 13.281551,-59.5759747 13.2813474,-59.5761758 13.2811882,-59.5762804 13.2810916,-59.5763287 13.2809976,-59.5763475 13.2809115,-59.5763448 13.2808201,-59.5763234 13.2807366,-59.5762912 13.2806609,-59.5761517 13.2803841,-59.5761329 13.2803111,-59.5761316 13.2802713,-59.5761302 13.2802301,-59.5761571 13.2799169,-59.5761758 13.2796663)",track,,,,,,,,,,
"LINESTRING (-59.5755992 13.281833,-59.5754449 13.2819289,-59.5753417 13.2819759,-59.5752639 13.2820255,-59.5752237 13.2821051,-59.5751968 13.2822552,-59.5751888 13.2824131,-59.5751673 13.2825045)",track,,,,,,,,,,
"LINESTRING (-59.5756011 13.2826164,-59.5751673 13.2825045,-59.5747608 13.2824391,-59.5745876 13.2823273,-59.5744781 13.2821231,-59.5742994 13.2816775,-59.5741334 13.2815479,-59.5734019 13.2815087,-59.572886 13.2813731,-59.5724784 13.2809614,-59.5722411 13.2805496,-59.5719109 13.2802634,-59.5714724 13.2802082,-59.5709823 13.2803438,-59.5706831 13.2807455,-59.5703941 13.281584,-59.570162 13.2818903,-59.5698834 13.2819003,-59.5694191 13.2818099,-59.569125 13.2817748,-59.5688686 13.2818838,-59.5686762 13.2819656)",track,,,,,,,,,,
"LINESTRING (-59.5662512 13.2667589,-59.5664856 13.2667227,-59.5666831 13.2667382,-59.5668388 13.2669804,-59.5668971 13.2670884,-59.5670536 13.2673658,-59.567017 13.2674783,-59.5669672 13.2677485,-59.5669603 13.2680814,-59.5669995 13.2683043,-59.5669785 13.2683711,-59.566963 13.2684208,-59.5667704 13.2685531,-59.5664809 13.268641,-59.5663287 13.2687643,-59.5663487 13.268856,-59.566446 13.2690531,-59.5664847 13.2691313,-59.5666151 13.2693064,-59.566596 13.2694681,-59.5665448 13.2695614,-59.5662701 13.269947,-59.5662126 13.2701025,-59.5662956 13.2702642,-59.566334 13.2706684,-59.5662765 13.2708799,-59.5662828 13.2709918,-59.5663084 13.2711473,-59.5664043 13.2712157,-59.5664745 13.2712903,-59.5665768 13.271365,-59.5666471 13.2715018,-59.5666407 13.2716448,-59.5665129 13.2719496,-59.5665384 13.2720553,-59.5671007 13.2730504,-59.5672413 13.2736785,-59.5676503 13.274487,-59.56781 13.2747482,-59.5678867 13.2748974,-59.5680145 13.2749845,-59.568104 13.2749783,-59.5681615 13.274941,-59.568219 13.2749099,-59.5682829 13.274885,-59.5684234 13.2750156,-59.5684682 13.2752271,-59.5684618 13.2756126,-59.5684234 13.2760231,-59.5685065 13.2761724,-59.568973 13.2765828,-59.5690433 13.2767818,-59.569056 13.2769995,-59.5690049 13.2771176,-59.5687429 13.2773353,-59.5685512 13.2777333,-59.5684234 13.2783801,-59.5684234 13.2790082,-59.5684746 13.2792072,-59.5686215 13.2793316,-59.568858 13.2796301,-59.5689027 13.2798229,-59.5690241 13.2809112,-59.5690688 13.281216,-59.5690177 13.2814585,-59.5689666 13.2816388,-59.5688686 13.2818838)",track,yes,,,,,,,,,
"LINESTRING (-59.6451065 13.2690068,-59.6448683 13.2692055)",track,yes,,,,,,,,,
"LINESTRING (-59.6443901 13.2770711,-59.6438778 13.27799,-59.6437008 13.2781857,-59.6435801 13.2783789,-59.6435173 13.2785504)",track,,,,,,,,,,
"LINESTRING (-59.6454003 13.2867024,-59.6450543 13.2863683,-59.6448156 13.2862586,-59.6446305 13.2861307,-59.6444803 13.2858984)",track,,,,,,,,,,
"LINESTRING (-59.6469041 13.288803,-59.6466165 13.2887211,-59.6462573 13.2884645,-59.6461104 13.2882148,-59.6459073 13.2876787,-59.6456659 13.2872689,-59.6455264 13.2868381,-59.6454003 13.2867024,-59.6452474 13.286645,-59.6448183 13.2866763,-59.6447405 13.2867572,-59.6447029 13.2869191,-59.6446252 13.2875168,-59.6444857 13.2877518,-59.6444803 13.2879998,-59.6447432 13.2883522,-59.6450221 13.2884488,-59.6453628 13.2885219,-59.645454 13.2886419,-59.6454432 13.2889317,-59.6453976 13.2891275)",track,,,,,,,,,,
"LINESTRING (-59.6472438 13.2885306,-59.6471067 13.288585,-59.646958 13.2886832,-59.6469041 13.288803,-59.6468642 13.2888916,-59.646935 13.2891189,-59.6469052 13.2893109,-59.646781 13.2894666,-59.6465443 13.2897376,-59.6455541 13.2901752,-59.6450371 13.2903741,-59.644692 13.2905069)",track,yes,,,,,,,,,
"LINESTRING (-59.6450371 13.2903741,-59.6452504 13.2908405,-59.6453566 13.2910058,-59.6455017 13.2909542,-59.6456468 13.2908595,-59.6457176 13.2907113,-59.6457264 13.2906183,-59.6456857 13.2904565,-59.6455541 13.2901752)",track,,,,,,,,,,
"LINESTRING (-59.6484926 13.2905115,-59.6485731 13.2907125,-59.6487152 13.2908848,-59.648726 13.2909944,-59.6486267 13.2917227,-59.648624 13.2923048,-59.648742 13.2926259,-59.6488413 13.2931427,-59.648911 13.2935969,-59.6490746 13.2938867)",track,,,,,,,,,,
"LINESTRING (-59.6427924 13.2852991,-59.6429691 13.2855343,-59.6431405 13.2857659,-59.6432084 13.2859448,-59.643362 13.2867272,-59.6433791 13.2869038,-59.6433582 13.2870551,-59.6432489 13.287277,-59.6432072 13.2874425,-59.6432636 13.2876033,-59.643511 13.2881552,-59.6441255 13.2893173)",track,yes,,,,,,,,,
"LINESTRING (-59.6502561 13.3049734,-59.6501917 13.3041251,-59.6500978 13.3035535,-59.6499423 13.3030601,-59.6498082 13.3027913,-59.6497357 13.3026007,-59.6496982 13.3024415,-59.6496875 13.3022562,-59.6497129 13.3021152,-59.6497183 13.302003,-59.6497009 13.3019664,-59.6496714 13.3019508,-59.6496378 13.3019508,-59.6496003 13.3019782,-59.6495627 13.30205,-59.6495306 13.3021987,-59.6494943 13.3024806,-59.6495064 13.3026947,-59.6495802 13.302987,-59.6496794 13.3032415,-59.6497706 13.3035756,-59.649784 13.3037949,-59.6497599 13.3039593,-59.6496955 13.3041368,-59.6495104 13.3047137,-59.6494595 13.304762,-59.6494286 13.3047842)",track,,,,,,,,,,
"LINESTRING (-59.6450844 13.3060766,-59.6466491 13.3030504)",track,yes,,,,,,,,,
"LINESTRING (-59.6460518 13.3063633,-59.6465435 13.3063189,-59.6466551 13.3060599,-59.6468182 13.3058595,-59.6474276 13.3059012,-59.6476222 13.3056416)",track,yes,,,,,,,,,
"LINESTRING (-59.6460518 13.3063633,-59.6457539 13.3062437,-59.6453075 13.3061518,-59.6450844 13.3060766)",track,yes,,,,,,,,,
"LINESTRING (-59.6489981 13.3073148,-59.6487702 13.3076345,-59.6483678 13.3083928)",track,yes,,,,,,,,,
"LINESTRING (-59.6453308 13.3074575,-59.6474852 13.3074158)",track,yes,,,,,,,,,
"LINESTRING (-59.6442408 13.3090612,-59.646996 13.3099132)",track,yes,,,,,,,,,
"LINESTRING (-59.6465239 13.3107985,-59.6437773 13.3100134)",track,yes,,,,,,,,,
"LINESTRING (-59.6424727 13.3063216,-59.6455111 13.3064051,-59.6459231 13.3065554)",track,yes,,,,,,,,,
"LINESTRING (-59.6422152 13.3076413,-59.6449274 13.3080004)",track,yes,,,,,,,,,
"LINESTRING (-59.6425177 13.3123917,-59.6430649 13.3113331,-59.6437773 13.3100134,-59.6442408 13.3090612,-59.6443953 13.3087355,-59.6444725 13.3084515,-59.6446442 13.3082594,-59.6449274 13.3080004,-59.645142 13.3077582,-59.6453308 13.3074575,-59.6459231 13.3065554,-59.6460518 13.3063633)",track,yes,,,,,,,,,
"LINESTRING (-59.6437773 13.3100134,-59.6417088 13.3094705)",track,yes,,,,,,,,,
"LINESTRING (-59.6459231 13.3121349,-59.6430649 13.3113331)",track,yes,,,,,,,,,
"LINESTRING (-59.6425722 13.3158585,-59.6425826 13.3156816,-59.642596 13.3154936,-59.6426496 13.3153631,-59.6427516 13.3152404,-59.6428428 13.3151517,-59.6429044 13.3150108,-59.6429608 13.3147941,-59.6429152 13.3144913,-59.64295 13.3142851,-59.6430171 13.314152,-59.6431244 13.3140346,-59.6432397 13.3139876,-59.643634 13.3138806,-59.643862 13.313737,-59.6439478 13.3135543,-59.6440605 13.3131445,-59.644149 13.3130923,-59.6442938 13.3131341,-59.6445862 13.3132202,-59.64479 13.313228,-59.6448759 13.313168,-59.6449376 13.3130166,-59.6450368 13.31286,-59.6451521 13.3128,-59.6453077 13.31274,-59.6455303 13.3125807,-59.6458897 13.3122284)",track,,,,,,,,,,
"LINESTRING (-59.5892435 13.3136179,-59.5891282 13.3138241)",track,,,,,,,,,,
"LINESTRING (-59.5893276 13.3134708,-59.5892435 13.3136179,-59.5890718 13.3136388,-59.5874759 13.3136806,-59.5873203 13.3137432,-59.5871675 13.3137693,-59.5870012 13.3137067,-59.5868054 13.3135944,-59.5867303 13.3134665,-59.586631 13.3134013)",track,,,,,,,,,,
"LINESTRING (-59.5829038 13.3110839,-59.5830272 13.3111741,-59.583195 13.3112491)",track,,,,,,,,,,
"LINESTRING (-59.5797957 13.3092186,-59.5798413 13.3092934,-59.5799638 13.309358,-59.580024 13.3093641,-59.5801154 13.3092853,-59.5802171 13.3092105,-59.5803002 13.3092105,-59.5803459 13.3092449,-59.5804372 13.3093378,-59.5804933 13.3096712,-59.5805369 13.3097379,-59.5806137 13.3097904,-59.5808005 13.3098651,-59.5808794 13.3099237,-59.5810206 13.3099702,-59.5816405 13.3099965,-59.5817028 13.3100349,-59.5819083 13.3101884,-59.5821097 13.3104026,-59.5822742 13.3104955,-59.5823718 13.3105824,-59.582405 13.3107723,-59.5824714 13.3109238,-59.5826313 13.311037,-59.5828514 13.3110794,-59.5829038 13.3110839,-59.5830416 13.3110956,-59.5832471 13.3110653)",track,,,,,,,,,,
"LINESTRING (-59.6043238 13.2735357,-59.6068043 13.2736861)",track,yes,,,,,,,,,
"LINESTRING (-59.6109242 13.2733519,-59.6108505 13.2711933)",track,yes,,,,,,,,,
"LINESTRING (-59.6079201 13.2740954,-59.6079888 13.2732684,-59.6079787 13.2722457)",track,yes,,,,,,,,,
"LINESTRING (-59.6120743 13.2734021,-59.6109242 13.2733519,-59.6093277 13.2733185,-59.6079888 13.2732684)",track,yes,,,,,,,,,
"LINESTRING (-59.6092591 13.2741372,-59.6079201 13.2740954,-59.6068301 13.2740537)",track,yes,,,,,,,,,
"LINESTRING (-59.6068043 13.2736861,-59.6068301 13.2740537,-59.60677 13.2749559)",track,yes,,,,,,,,,
"LINESTRING (-59.6042314 13.2722559,-59.6042637 13.2725333,-59.6043238 13.2735357,-59.6042981 13.2745716,-59.6043066 13.2747387,-59.6043925 13.274864,-59.6045727 13.2749141,-59.6055254 13.2749475,-59.60677 13.2749559,-59.6085381 13.2750561)",track,yes,,,,,,,,,
"LINESTRING (-59.6092162 13.2753234,-59.6092531 13.2743035,-59.6092591 13.2741372,-59.6093277 13.2733185)",track,yes,,,,,,,,,
"LINESTRING (-59.6086497 13.2760001,-59.6071734 13.275975,-59.605534 13.2759416)",track,yes,,,,,,,,,
"LINESTRING (-59.6085689 13.2753164,-59.6092162 13.2753234,-59.6111817 13.2753568,-59.6120571 13.2753903)",track,yes,,,,,,,,,
"LINESTRING (-59.6071476 13.2769942,-59.6071734 13.275975)",track,yes,,,,,,,,,
"LINESTRING (-59.6043324 13.2780467,-59.6043066 13.2747387)",track,yes,,,,,,,,,
"LINESTRING (-59.6042981 13.2745716,-59.6042294 13.2746802,-59.6040577 13.274747,-59.6034741 13.2748807,-59.6027703 13.274889,-59.6026072 13.2749809,-59.6025729 13.2751981,-59.6026072 13.275549,-59.6025128 13.2757495,-59.602384 13.27595,-59.6023669 13.2762006,-59.6022725 13.2765765,-59.6021866 13.2768187,-59.6021866 13.2769858,-59.6024184 13.2771612,-59.6027703 13.2773868,-59.6032166 13.2775789,-59.6035084 13.2777293,-59.6038947 13.2777543,-59.6040663 13.2777711,-59.6043324 13.2780467)",track,yes,,,,,,,,,
"LINESTRING (-59.6055254 13.2769607,-59.6071476 13.2769942,-59.6074223 13.2770109,-59.6075167 13.2775789)",track,yes,,,,,,,,,
"LINESTRING (-59.6085381 13.2750561,-59.6085689 13.2753164,-59.6086497 13.2760001,-59.6087441 13.2768438,-59.6087784 13.2768856,-59.6094822 13.276919,-59.6107354 13.2769273,-59.6107611 13.2764178,-59.6107954 13.2763259,-59.6110272 13.276092,-59.6111473 13.275975,-59.6111817 13.2756576,-59.6111817 13.2753568)",track,yes,,,,,,,,,
"LINESTRING (-59.6075167 13.2775789,-59.6084866 13.2776457,-59.6093792 13.2776959)",track,yes,,,,,,,,,
"LINESTRING (-59.6043324 13.2780467,-59.6044268 13.2781135,-59.6045212 13.2780968,-59.60465 13.27803,-59.6047444 13.2779131,-59.604856 13.2778045,-59.6049847 13.277746,-59.6052079 13.2777293,-59.6054932 13.2777283,-59.6064953 13.277746,-59.6073536 13.2777794,-59.6075167 13.2775789)",track,yes,,,,,,,,,
"LINESTRING (-59.6055254 13.2749475,-59.605534 13.2759416,-59.6055254 13.2769607,-59.6054932 13.2777283,-59.6054911 13.2777794,-59.6054825 13.2785981,-59.6054739 13.2788904,-59.6054139 13.2790408,-59.6051649 13.2792079,-59.6049675 13.2792162,-59.6047959 13.2791661,-59.6047959 13.2790659,-59.6047015 13.2790408,-59.604444 13.2789489,-59.6042551 13.2788069,-59.604135 13.2786231,-59.6041436 13.2783976,-59.6042294 13.278147,-59.6043324 13.2780467)",track,yes,,,,,,,,,
"LINESTRING (-59.6093792 13.27803,-59.6111645 13.2780634)",track,yes,,,,,,,,,
"LINESTRING (-59.6017617 13.2819384,-59.601427 13.2816628,-59.6009378 13.2812367,-59.6007833 13.2810613,-59.6005601 13.2809611,-59.6004829 13.2808107,-59.6001996 13.2802594,-59.6000537 13.2798918,-59.5999275 13.2797221)",track,yes,,,,,,,,,
"LINESTRING (-59.6094822 13.276919,-59.6093792 13.2776959,-59.6093792 13.27803,-59.6092247 13.2794501,-59.6091732 13.2802604,-59.6092333 13.2803523,-59.6093277 13.2803774,-59.6094221 13.2803105,-59.6099285 13.2797007,-59.6101345 13.2794668,-59.6103663 13.2790157,-59.6106324 13.2787568,-59.6111645 13.2780634,-59.6121258 13.2770443,-59.6121516 13.2769607,-59.6120571 13.2753903,-59.6120829 13.2749475,-59.6120571 13.2743293,-59.6120743 13.2734021)",track,yes,,,,,,,,,
"LINESTRING (-59.6135108 13.2835793,-59.6134765 13.283429,-59.6132276 13.2833287,-59.6128328 13.2832953,-59.6125409 13.2832619,-59.612129 13.2832369,-59.6116483 13.2832034,-59.6116311 13.2833789)",track,yes,,,,,,,,,
"LINESTRING (-59.6006974 13.2834504,-59.6008262 13.2833752,-59.6008433 13.2833167,-59.6008519 13.2831246,-59.6008863 13.2823227,-59.6009206 13.2822391,-59.6009893 13.2822057,-59.6012124 13.2821473,-59.6012982 13.2821055,-59.6017617 13.2819384,-59.6022545 13.2819408,-59.6026665 13.2819408,-59.6026579 13.2812391,-59.6026579 13.2810637,-59.6027094 13.280905,-59.6028639 13.2807546,-59.6031128 13.2805625,-59.6033188 13.2803119,-59.6053358 13.2803369,-59.6058336 13.2800947)",track,yes,,,,,,,,,
"LINESTRING (-59.6007257 13.2711011,-59.6008029 13.2711846,-59.6008115 13.2712849,-59.6007686 13.2717777,-59.60076 13.2722121,-59.6006772 13.2732158)",track,yes,,,,,,,,,
"LINESTRING (-59.6006772 13.2732158,-59.6004454 13.2731679,-59.599999 13.2730844,-59.5995699 13.2730844,-59.5988146 13.2730009)",track,yes,,,,,,,,,
"LINESTRING (-59.5999876 13.2750023,-59.6009263 13.275029,-59.6011237 13.2749455,-59.6012611 13.2749455,-59.6012782 13.2748118,-59.601407 13.2747283,-59.6013984 13.2741853,-59.6014413 13.273943,-59.6014413 13.2734084,-59.6015315 13.272958)",track,yes,,,,,,,,,
"LINESTRING (-59.5988718 13.2712347,-59.598895 13.271914,-59.5988146 13.2730009,-59.5988092 13.2734762,-59.5990151 13.2749464)",track,yes,,,,,,,,,
"LINESTRING (-59.5968578 13.2693962,-59.5970093 13.2695463,-59.5970657 13.2696612,-59.5973684 13.2711688,-59.5974292 13.2719206,-59.5973446 13.2722065,-59.5969637 13.2725746,-59.596902 13.2726686,-59.596666 13.273162,-59.5965963 13.273423,-59.5966112 13.2736984,-59.5968565 13.274261,-59.5969289 13.2746291,-59.5969718 13.2749763)",track,yes,,,,,,,,,
"LINESTRING (-59.596666 13.273162,-59.5964942 13.2733566,-59.5963912 13.273365,-59.5963054 13.2733566,-59.5961853 13.2733148,-59.5960994 13.2732313,-59.596005 13.2731394,-59.5959106 13.2730308,-59.5957733 13.2729389,-59.5955844 13.2728804,-59.5953613 13.272847,-59.5952583 13.2728637,-59.5951724 13.2729139,-59.5951038 13.2730225,-59.5950523 13.2731812,-59.5949493 13.2733232,-59.5948806 13.2734819,-59.5947862 13.2735571,-59.594666 13.2735487)",track,yes,,,,,,,,,
"LINESTRING (-59.5999425 13.2751017,-59.5997876 13.275055,-59.5994958 13.2749464,-59.5992383 13.2749632,-59.5990151 13.2749464)",track,yes,,,,,,,,,
"LINESTRING (-59.5911333 13.2709364,-59.5912621 13.2710533,-59.5914337 13.2710617,-59.5916826 13.2710366,-59.5920603 13.27107,-59.592335 13.2710867,-59.5925495 13.2711369,-59.5927126 13.2712622,-59.5928671 13.2714627,-59.5930645 13.2715546,-59.5931418 13.2717133,-59.5933649 13.2719806,-59.5934508 13.272557,-59.5934078 13.2727157)",track,yes,,,,,,,,,
"LINESTRING (-59.5934078 13.2727157,-59.5927384 13.2726322,-59.5921805 13.2725487,-59.5918371 13.2725069,-59.5910132 13.2723565)",track,yes,,,,,,,,,
"LINESTRING (-59.5904381 13.2734091,-59.5907213 13.2731752,-59.5908501 13.2728243,-59.5910132 13.2723565,-59.5911419 13.2718135,-59.5912878 13.2715462,-59.5913994 13.2713207,-59.5914337 13.2710617)",track,yes,,,,,,,,,
"LINESTRING (-59.591663 13.2756755,-59.5918211 13.2754784,-59.5919191 13.2752295,-59.592065 13.2749455,-59.5920993 13.2748369,-59.5921165 13.2747283,-59.5921165 13.2745863,-59.5920564 13.2744693,-59.5919448 13.2743524,-59.5918075 13.2742438,-59.5916702 13.2741017,-59.5914813 13.273943,-59.5912925 13.2738678,-59.5908805 13.2737258,-59.5907643 13.2735929,-59.5907213 13.2735177,-59.5905754 13.2734509,-59.5904381 13.2734091,-59.5902836 13.2734342,-59.5899832 13.2734843,-59.5897257 13.2735344,-59.5894682 13.2735929,-59.589245 13.2736514)",track,yes,,,,,,,,,
"LINESTRING (-59.5920544 13.2758247,-59.59173 13.2775476,-59.5916741 13.2778867)",track,yes,,,,,,,,,
"LINESTRING (-59.591663 13.2756755,-59.5903179 13.2770179,-59.5902836 13.2770764,-59.5903179 13.2771349,-59.5903866 13.2771766,-59.5906355 13.2772769,-59.5910217 13.2774189,-59.5914423 13.2774941,-59.59173 13.2775476)",track,yes,,,,,,,,,
"LINESTRING (-59.5983284 13.2808901,-59.598294 13.2807899,-59.5983713 13.2804056,-59.5984571 13.2799044,-59.5985258 13.2794115,-59.5985601 13.278902,-59.5986459 13.2783423,-59.5986116 13.2782922,-59.5980623 13.2782086,-59.5978992 13.2783506,-59.5977018 13.2785428,-59.5974186 13.279069,-59.5970323 13.2792612,-59.5969808 13.2794533)",track,yes,,,,,,,,,
"LINESTRING (-59.5963199 13.2794032,-59.5964744 13.2793781,-59.5969808 13.2794533)",track,yes,,,,,,,,,
"LINESTRING (-59.599882 13.2820971,-59.6000451 13.2820971,-59.6001996 13.2821556,-59.6009893 13.2822057)",track,yes,,,,,,,,,
"LINESTRING (-59.5977834 13.2824654,-59.5990151 13.2824814,-59.599882 13.2825399,-59.599882 13.2820971,-59.5998391 13.2812785,-59.5998477 13.281078,-59.5999765 13.2809611,-59.6002339 13.2809778,-59.6005601 13.2809611)",track,yes,,,,,,,,,
"LINESTRING (-59.5964427 13.2806911,-59.5963199 13.2794032,-59.5962341 13.2792027,-59.596146 13.2791599,-59.5960624 13.2791192,-59.5956247 13.2791025,-59.5955904 13.2789521,-59.5954101 13.2788686)",track,yes,,,,,,,,,
"LINESTRING (-59.5916741 13.2778867,-59.5917856 13.2779368,-59.5918715 13.2779368,-59.5920345 13.2779368,-59.5921633 13.2779368,-59.5922749 13.2779786,-59.5924809 13.2780454,-59.592704 13.2780872,-59.5930009 13.2782018,-59.5930782 13.2781934,-59.5931726 13.27816,-59.5932584 13.2781182,-59.5933357 13.2780597,-59.59337 13.2779762,-59.5934043 13.2778175,-59.5934215 13.2776337,-59.5934215 13.2775168,-59.5934558 13.2773497,-59.5934988 13.277191,-59.5935073 13.2771158,-59.5934902 13.2770239,-59.593473 13.276932,-59.5934988 13.2767816,-59.5935245 13.276648,-59.5935863 13.2765621,-59.5936474 13.2764718)",track,yes,,,,,,,,,
"LINESTRING (-59.6134336 13.2837715,-59.6132104 13.2838717,-59.6129529 13.2839385,-59.6127555 13.2839636,-59.6124379 13.2839636,-59.6122148 13.2838884,-59.612026 13.2837965,-59.6117942 13.2837715,-59.6116311 13.2833789,-59.6111162 13.283287,-59.6104209 13.2832034,-59.6096531 13.2831437)",track,yes,,,,,,,,,
"LINESTRING (-59.6110435 13.2866271,-59.6110904 13.2847405,-59.611511 13.2841056,-59.6115625 13.283855,-59.6117942 13.2837715)",track,yes,,,,,,,,,
"LINESTRING (-59.6026235 13.2841043,-59.6037136 13.2845721,-59.6055418 13.2853573,-59.6060138 13.2855745,-59.6069151 13.2859671,-59.6077476 13.2863765,-59.6079536 13.2864683,-59.608151 13.2865185,-59.6092668 13.2865519,-59.6110435 13.2866271,-59.6129919 13.2866772,-59.6145197 13.2867273,-59.6166998 13.2868526,-59.6167169 13.285232,-59.6166826 13.2844385,-59.6166243 13.282926)",track,yes,,,,,,,,,
"LINESTRING (-59.6080652 13.2837618,-59.6082369 13.2819575)",track,yes,,,,,,,,,
"LINESTRING (-59.6058164 13.2835864,-59.6080652 13.2837618,-59.6096273 13.2838955)",track,yes,,,,,,,,,
"LINESTRING (-59.6077476 13.2863765,-59.6076961 13.2879886,-59.6076701 13.2893052)",track,yes,,,,,,,,,
"LINESTRING (-59.6069151 13.2859671,-59.6067863 13.2876211,-59.6067863 13.2882225,-59.6059623 13.2881808,-59.6059709 13.2870698,-59.6059623 13.2868025,-59.6059967 13.2865435,-59.6060138 13.2855745)",track,yes,,,,,,,,,
"LINESTRING (-59.6055418 13.2853573,-59.6058164 13.2835864,-59.6059194 13.2815899)",track,yes,,,,,,,,,
"LINESTRING (-59.604323 13.2810971,-59.6041513 13.2825673,-59.6039797 13.2834194,-59.6038595 13.284522,-59.6037136 13.2845721)",track,yes,,,,,,,,,
"LINESTRING (-59.6094013 13.2885648,-59.6093698 13.2880972,-59.6093698 13.2876211,-59.6093269 13.2866772,-59.6092668 13.2865519,-59.6092754 13.2863681,-59.6093183 13.2858669,-59.6093441 13.2854325,-59.6093441 13.2848394,-59.6094042 13.2847141,-59.6096102 13.2844969,-59.6096273 13.2838955,-59.6096531 13.2831437,-59.609696 13.2824169,-59.609696 13.2822415,-59.6095844 13.2820995,-59.6093612 13.2819408,-59.6091123 13.2818907,-59.6088291 13.2819324,-59.6085029 13.2819909,-59.6082369 13.2819575,-59.6076532 13.2818322,-59.6070352 13.2817737,-59.6059194 13.2815899,-59.6053873 13.2813477,-59.6048208 13.2811973,-59.604323 13.2810971,-59.6035848 13.2810303,-59.6026579 13.2812391)",track,yes,,,,,,,,,
"LINESTRING (-59.6059623 13.2868025,-59.6044002 13.2869027)",track,yes,,,,,,,,,
"LINESTRING (-59.6037136 13.2845721,-59.603705 13.2847058,-59.6039625 13.2856748,-59.6044002 13.2869027,-59.6046234 13.2873705,-59.6048294 13.2880555,-59.6050268 13.2885149,-59.6052156 13.2888073,-59.6054817 13.2892917,-59.6058958 13.2899997)",track,yes,,,,,,,,,
"LINESTRING (-59.6025034 13.2857249,-59.6031814 13.2856831,-59.6036535 13.2856998,-59.6039625 13.2856748)",track,yes,,,,,,,,,
"LINESTRING (-59.6023818 13.2900697,-59.6023575 13.2890913,-59.6023575 13.2887404,-59.6024347 13.2872452,-59.6025034 13.2857249,-59.6025549 13.2852237,-59.6026235 13.2841043,-59.6026836 13.2831855,-59.6026665 13.2819408)",track,yes,,,,,,,,,
"LINESTRING (-59.6102967 13.2916182,-59.610434 13.2892375,-59.6104915 13.2886909)",track,yes,,,,,,,,,
"LINESTRING (-59.6075072 13.2918103,-59.6078505 13.2919189,-59.6081766 13.2918771,-59.608417 13.2918437,-59.6090435 13.2918437,-59.6092753 13.2918604,-59.609919 13.2917518,-59.6102967 13.2916182,-59.6106829 13.2915848,-59.6108546 13.2914929,-59.6123823 13.2915597,-59.6129832 13.2916265)",track,yes,,,,,,,,,
"LINESTRING (-59.6085477 13.2888963,-59.608417 13.2918437,-59.6083741 13.2934141)",track,yes,,,,,,,,,
"LINESTRING (-59.6048555 13.2902924,-59.6045288 13.2916516,-59.6043658 13.2935979,-59.6043658 13.2937482,-59.6041684 13.2939737,-59.6041246 13.2944848)",track,yes,,,,,,,,,
"LINESTRING (-59.5987748 13.2854385,-59.6013412 13.2852714,-59.6014356 13.2852046,-59.6014871 13.285096,-59.6014871 13.2842941,-59.6014613 13.2840435,-59.6015042 13.2838179,-59.6014871 13.2835089,-59.6014012 13.2834504,-59.6006974 13.2834504,-59.5998305 13.2835005,-59.599204 13.2835423,-59.5989465 13.2836008,-59.5986289 13.2837929,-59.5979165 13.2840101,-59.5975293 13.2841294)",track,yes,,,,,,,,,
"LINESTRING (-59.5969052 13.2848236,-59.5966504 13.2838521)",track,yes,,,,,,,,,
"LINESTRING (-59.5957973 13.2879326,-59.5958488 13.2878741,-59.5958488 13.2877823,-59.5957458 13.2875985,-59.5956342 13.2873145,-59.5956256 13.2871056,-59.59566 13.2869803,-59.5957286 13.2866713,-59.595768 13.2856999,-59.595811 13.2855328,-59.5959397 13.2854577,-59.5968365 13.2854668,-59.5968794 13.2853665,-59.5967936 13.2850073,-59.5967936 13.2849071,-59.5969052 13.2848236)",track,yes,,,,,,,,,
"LINESTRING (-59.5965131 13.2837184,-59.5952643 13.2837595,-59.5944404 13.2838179,-59.5937881 13.2839098,-59.5934104 13.284127)",track,yes,,,,,,,,,
"LINESTRING (-59.5957973 13.2879326,-59.5956686 13.2878574,-59.5953596 13.2877154,-59.5950763 13.2876068,-59.5949476 13.2875901,-59.5947416 13.2876403,-59.5945613 13.287799,-59.5945013 13.2878992,-59.594424 13.2878992,-59.5943553 13.2877823,-59.5942609 13.287682,-59.5940807 13.2874982,-59.5939176 13.2874398,-59.5936944 13.2874398,-59.593497 13.2874398,-59.5930215 13.2874959,-59.5926095 13.2874541,-59.5920945 13.2874374,-59.5918284 13.2873956)",track,yes,,,,,,,,,
"LINESTRING (-59.5921975 13.2848312,-59.5921117 13.2851235,-59.5921546 13.2853741,-59.5919228 13.2865854,-59.5918284 13.2873956,-59.5916911 13.2880639,-59.5916224 13.2881307,-59.59085 13.2879804,-59.5906869 13.2879804,-59.5905066 13.2878634,-59.589978 13.2877823,-59.589772 13.2877071,-59.5894973 13.287657,-59.589154 13.287657,-59.5888793 13.2877238,-59.5887849 13.2879493,-59.5887506 13.2882667,-59.5879009 13.2882166)",track,yes,,,,,,,,,
"LINESTRING (-59.5952461 13.2916403,-59.5977781 13.2918742)",track,yes,,,,,,,,,
"LINESTRING (-59.5945957 13.2891271,-59.594836 13.2891188,-59.5952051 13.2892274,-59.5954626 13.2892608,-59.5956085 13.289219,-59.5956342 13.289052,-59.5956943 13.2887847,-59.5957286 13.2880663,-59.5957973 13.2879326)",track,yes,,,,,,,,,
"LINESTRING (-59.5924156 13.2915245,-59.5925786 13.291466,-59.5927846 13.2912906,-59.592922 13.2912154,-59.5936086 13.2911904,-59.5947244 13.2908562,-59.5948961 13.2908061,-59.5952051 13.2907226,-59.5953166 13.2906307,-59.5953338 13.2905054,-59.5952394 13.2903801,-59.595042 13.2902131,-59.5944927 13.2899625,-59.5942094 13.2898121,-59.5940978 13.289645,-59.5940721 13.2894362,-59.5941236 13.2893109,-59.5943725 13.2892107,-59.5945957 13.2891271)",track,yes,,,,,,,,,
"LINESTRING (-59.5947244 13.2908562,-59.5952461 13.2909302,-59.5954177 13.2909804,-59.5954349 13.2911892,-59.5952461 13.2915066,-59.5952461 13.2916403,-59.595392 13.2927262,-59.5954454 13.2939469)",track,yes,,,,,,,,,
"LINESTRING (-59.595392 13.2927262,-59.5949371 13.2926928,-59.5948512 13.2928515,-59.5947673 13.2939469)",track,yes,,,,,,,,,
"LINESTRING (-59.6219541 13.2963123,-59.621131 13.294891)",track,yes,,,,,,,,,
"LINESTRING (-59.6198977 13.2959435,-59.6192701 13.2948144,-59.6185748 13.2938371,-59.6183688 13.2939958,-59.6182315 13.2941378,-59.6180684 13.2942297,-59.6178453 13.2942297,-59.6175964 13.2941378,-59.617356 13.2941629,-59.6170814 13.2942715,-59.6168926 13.2944553,-59.6167552 13.2946724,-59.6164892 13.2948562,-59.6163003 13.2951653,-59.6159828 13.2954994,-59.6158626 13.2956999,-59.6154592 13.2958085,-59.6153219 13.2962595)",track,yes,,,,,,,,,
"LINESTRING (-59.6166202 13.2974728,-59.6172101 13.2968359,-59.6178882 13.2961676,-59.6185834 13.2954075,-59.6192701 13.2948144)",track,yes,,,,,,,,,
"LINESTRING (-59.6137906 13.2963474,-59.6136138 13.2940543)",track,yes,,,,,,,,,
"LINESTRING (-59.6127005 13.2960896,-59.6127212 13.2952404,-59.6125839 13.2938204)",track,yes,,,,,,,,,
"LINESTRING (-59.6167552 13.2946724,-59.6167381 13.2942548,-59.6167896 13.2939207,-59.6166866 13.2937536,-59.616369 13.2937703,-59.6159656 13.2935698,-59.6156909 13.2936116,-59.6150815 13.2936367,-59.6145322 13.2937035,-59.6136138 13.2940543,-59.6133735 13.2940794,-59.6130731 13.2940209,-59.6128242 13.2938873,-59.6125839 13.2938204,-59.6123435 13.2940042,-59.6122405 13.2941546,-59.61188 13.2942798,-59.6114337 13.2943884,-59.6108501 13.2945889,-59.610481 13.2946557,-59.6098373 13.2946891,-59.6085498 13.2950316,-59.6088931 13.2955244,-59.6093966 13.2963662)",track,yes,,,,,,,,,
"LINESTRING (-59.6153219 13.2962595,-59.6163701 13.2973332)",track,yes,,,,,,,,,
"LINESTRING (-59.6018249 13.2944673,-59.6018595 13.2948675,-59.6018166 13.2953186)",track,yes,,,,,,,,,
"LINESTRING (-59.5974918 13.2954304,-59.5975443 13.2938559)",track,yes,,,,,,,,,
"LINESTRING (-59.5930458 13.2951798,-59.5947023 13.295255,-59.5953893 13.2952844,-59.5957924 13.2953385,-59.5964204 13.2953725,-59.5973555 13.295423,-59.5974918 13.2954304,-59.5980326 13.2954471,-59.5991999 13.295539)",track,yes,,,,,,,,,
"LINESTRING (-59.5972771 13.297286,-59.5973146 13.2963948,-59.5973555 13.295423)",track,yes,,,,,,,,,
"LINESTRING (-59.5992946 13.2965875,-59.5973146 13.2963948,-59.5963677 13.2963536,-59.5953347 13.2962783)",track,yes,,,,,,,,,
"LINESTRING (-59.596335 13.2972116,-59.5963677 13.2963536,-59.5964204 13.2953725)",track,yes,,,,,,,,,
"LINESTRING (-59.5991999 13.295539,-59.5992087 13.2956687,-59.5991658 13.2957522,-59.5992259 13.2958858,-59.5992259 13.2960028,-59.5993546 13.2960696,-59.5993546 13.2961698,-59.5993546 13.2962868,-59.5993546 13.2964204,-59.5992946 13.2965875,-59.5992688 13.2966543,-59.5991315 13.2967211,-59.5990371 13.2968715,-59.5989684 13.2970135,-59.5990027 13.2971054,-59.5990027 13.2972307,-59.5989426 13.2974144,-59.5972771 13.297286,-59.5966681 13.297239,-59.596335 13.2972116,-59.5952881 13.2971255,-59.5936657 13.2969921,-59.5930117 13.2969383,-59.5928229 13.2968631,-59.5926856 13.2967211,-59.5926856 13.2965624)",track,yes,,unpaved,,,,,,,
"LINESTRING (-59.5953893 13.2952844,-59.5953347 13.2962783,-59.5952881 13.2971255)",track,yes,,,,,,,,,
"LINESTRING (-59.5947023 13.295255,-59.5947673 13.2939469)",track,yes,,,,,,,,,
"LINESTRING (-59.5930458 13.2951798,-59.592638 13.294747,-59.5890037 13.2937981,-59.5886518 13.2937981)",track,yes,,,,,,,,,
"LINESTRING (-59.5936657 13.2969921,-59.5936427 13.2967281,-59.5935891 13.2964775,-59.5935032 13.2961956,-59.5933959 13.295945,-59.593226 13.2957535)",track,yes,,,,,,,,,
"LINESTRING (-59.5926856 13.2965624,-59.5925481 13.2965544,-59.5910036 13.2964042)",track,yes,,,,,,,,,
"LINESTRING (-59.5812691 13.2531815,-59.5811661 13.2532734,-59.581149 13.2534488,-59.5810975 13.2535491,-59.5793723 13.2545098,-59.5792607 13.2545098,-59.5791749 13.2543594,-59.5791148 13.2540921,-59.5791062 13.253925,-59.5790375 13.2538749)",track,yes,,,,,,,,,
"LINESTRING (-59.5785483 13.2574088,-59.5786685 13.2572668,-59.5787715 13.257108,-59.5788315 13.2569994,-59.5791148 13.2567488,-59.5795697 13.2563311,-59.5796555 13.2562308,-59.5805567 13.2553954,-59.5807799 13.2551364,-59.5809516 13.2548189,-59.5811232 13.2544597,-59.5813121 13.2540424)",track,yes,,,,,,,,,
"LINESTRING (-59.5809036 13.2604061,-59.5813798 13.2605922,-59.5817317 13.2607509,-59.5819634 13.260943,-59.5821608 13.261177,-59.5823582 13.2614443,-59.5824441 13.2616281,-59.5826157 13.2618369,-59.5826758 13.2619706,-59.5827016 13.2621962,-59.5826071 13.2623465,-59.5822982 13.2626807,-59.5822381 13.262806,-59.5822381 13.2628478,-59.5821522 13.2628979,-59.5820235 13.2629648,-59.5819291 13.2630566,-59.5818003 13.2632154,-59.5817832 13.2634326,-59.5818776 13.2635997,-59.5821007 13.2637584,-59.5822209 13.2639004,-59.5828646 13.2648945,-59.5830363 13.2650616,-59.5831908 13.2651869,-59.5835942 13.2652872,-59.5840405 13.2653206,-59.5843667 13.265354,-59.5845555 13.2653958)",track,yes,,,,,,,,,
"LINESTRING (-59.5806257 13.2606544,-59.5805547 13.260878,-59.5805558 13.2615529,-59.58053 13.2618787,-59.5804356 13.2621628,-59.5803069 13.2622881)",track,yes,,,,,,,,,
"LINESTRING (-59.589245 13.2736514,-59.5890391 13.2735177,-59.5889103 13.2734258,-59.5888331 13.2733089,-59.5887472 13.2730917,-59.5887043 13.2728578,-59.5887301 13.2726406,-59.5888502 13.2724651,-59.5890391 13.2723565,-59.5892279 13.2722646,-59.5894682 13.2721811,-59.5895197 13.2716799,-59.5896485 13.2703098,-59.5896914 13.269984,-59.5897257 13.269817,-59.5897085 13.2695998,-59.5897257 13.2693157,-59.5897257 13.2691737,-59.5896742 13.269015,-59.5895712 13.2688646,-59.5894854 13.2687226)",track,yes,,,,,,,,,
"LINESTRING (-59.5896485 13.2703098,-59.589288 13.2702848,-59.5889017 13.2702347,-59.5885927 13.2702096,-59.5884812 13.2702179,-59.5884297 13.2702681,-59.5884297 13.2703683,-59.5884554 13.2706189,-59.5884468 13.2708946,-59.5884468 13.2711452,-59.5883867 13.2713123,-59.5883524 13.2715462)",track,yes,,,,,,,,,
"LINESTRING (-59.5879061 13.2718135,-59.5878288 13.2717049,-59.5876228 13.271471,-59.5875284 13.2713123,-59.5873224 13.271045,-59.5872538 13.2709197,-59.5871679 13.2706356,-59.5871079 13.2703767,-59.5870306 13.2702263,-59.5869705 13.270101,-59.5869362 13.2699339,-59.586962 13.2697668,-59.5869105 13.2694744,-59.5869448 13.2692238,-59.5869877 13.2690902,-59.5870564 13.2689147,-59.5871851 13.2688061,-59.5874941 13.2687226,-59.5877602 13.2686808,-59.5880434 13.2686641,-59.588258 13.2686391,-59.5885927 13.2685973,-59.5888245 13.268614,-59.5892107 13.2686641,-59.5894854 13.2687226)",track,yes,,,,,,,,,
"LINESTRING (-59.5884468 13.2708946,-59.5883009 13.2708863,-59.5881722 13.2708194,-59.5880005 13.2706273,-59.5878031 13.2703767,-59.5876572 13.2701678,-59.5875456 13.2700007,-59.5873224 13.2698838,-59.586962 13.2697668)",track,yes,,,,,,,,,
"LINESTRING (-59.5883524 13.2715462,-59.588876 13.2715713,-59.5895197 13.2716799)",track,yes,,,,,,,,,
"LINESTRING (-59.5883524 13.2715462,-59.5883352 13.2717216,-59.5883009 13.2718052,-59.5880949 13.2718386,-59.5879061 13.2718135,-59.587331 13.2717634,-59.5870735 13.2717718,-59.5868847 13.27173,-59.5865585 13.2717133,-59.5864212 13.2717551)",track,yes,,,,,,,,,
"LINESTRING (-59.5864212 13.2717551,-59.586713 13.2723565,-59.5871851 13.273217,-59.5877173 13.2741108,-59.5879061 13.2744617,-59.5880434 13.2746789,-59.5882494 13.2749044,-59.5883927 13.2751772)",track,yes,,,,,,,,,
"LINESTRING (-59.589245 13.2736514,-59.589348 13.2740691,-59.5893995 13.2742779,-59.5893738 13.2744784,-59.5892279 13.2746371,-59.5889446 13.2749044,-59.5887386 13.2750715,-59.5883927 13.2751772)",track,yes,,,,,,,,,
"LINESTRING (-59.5894449 13.2776126,-59.5894088 13.2775708)",track,yes,,,,,,,,,
"LINESTRING (-59.5889506 13.2775437,-59.5890572 13.2774314,-59.5893522 13.2771821)",track,yes,,,,,,,,,
"LINESTRING (-59.5891448 13.277775,-59.5892744 13.2776559,-59.5894088 13.2775708,-59.5895051 13.2775097,-59.5895789 13.2774745,-59.5896245 13.2774784,-59.5896459 13.2775032,-59.5897586 13.2777081,-59.5897867 13.2778099,-59.5898082 13.2782015,-59.5898015 13.2783908,-59.5897693 13.2784339,-59.5896929 13.2784691,-59.5895614 13.2785017,-59.5894501 13.2785644,-59.5893795 13.2786498)",track,yes,,,,,,,,,
"LINESTRING (-59.5893502 13.2781937,-59.5892101 13.2782407,-59.5891055 13.27824,-59.5886665 13.2781934,-59.5878854 13.2781683,-59.5870614 13.27816,-59.586083 13.278043)",track,yes,,,,,,,,,
"LINESTRING (-59.5908549 13.282129,-59.5908764 13.2820572,-59.5908965 13.281941,-59.5909005 13.2816891,-59.5908737 13.2813367,-59.5908603 13.2812245,-59.5908657 13.2811083,-59.5908831 13.2810104,-59.5908938 13.2809243,-59.5908952 13.2808081,-59.5909113 13.2806188,-59.5909113 13.2804831,-59.5908952 13.2803891,-59.5908482 13.2803069,-59.5907731 13.2802494,-59.5906672 13.2802025,-59.5904365 13.2801111,-59.5902085 13.2800015,-59.5899805 13.2798788,-59.5897901 13.2797508,-59.5896654 13.2796791,-59.5895608 13.279606,-59.5894682 13.2794898,-59.5894025 13.2793736,-59.5893878 13.2792457,-59.5893811 13.2790565,-59.5893757 13.2787145,-59.5893795 13.2786498,-59.5893851 13.2785539,-59.5893837 13.2784443,-59.5893824 13.2783242,-59.5893502 13.2781937,-59.5893234 13.2780723,-59.5892738 13.277964,-59.5892148 13.2778674,-59.5891448 13.277775,-59.5890489 13.2776484,-59.5889506 13.2775437,-59.5887843 13.2773205,-59.5886715 13.2771224,-59.5886389 13.2770362,-59.5886156 13.2768729,-59.5886113 13.2764094,-59.5885053 13.2757959,-59.5885013 13.2755701,-59.5884812 13.2753795,-59.5883927 13.2751772)",track,yes,,,,,,,,,
"LINESTRING (-59.5894025 13.2793736,-59.5889841 13.2793963,-59.5888811 13.2794464,-59.5888553 13.2795801,-59.5888381 13.2799226,-59.5889012 13.2819894)",track,yes,,,,,,,,,
"LINESTRING (-59.5888381 13.2799226,-59.5883403 13.2798892,-59.5874906 13.279814,-59.5869499 13.2797555)",track,yes,,,,,,,,,
"LINESTRING (-59.5867868 13.2818606,-59.586907 13.2801983,-59.5869499 13.2797555,-59.5870614 13.27816)",track,yes,,,,,,,,,
"LINESTRING (-59.586907 13.2801983,-59.5864435 13.2801816,-59.5851903 13.2801314,-59.5844976 13.2801404)",track,yes,,,,,,,,,
"LINESTRING (-59.579015 13.2739137,-59.5789305 13.2740338,-59.5788165 13.2742426,-59.5787065 13.2744436,-59.5785644 13.2746433)",track,,,,,,,,,,
"LINESTRING (-59.5886236 13.2819943,-59.5886468 13.282732,-59.5885867 13.2838681,-59.5885352 13.2844027)",track,yes,,,,,,,,,
"LINESTRING (-59.5872541 13.2818886,-59.5871644 13.2827043,-59.5871387 13.2836148)",track,yes,,,,,,,,,
"LINESTRING (-59.5871387 13.2836148,-59.587325 13.283701,-59.5885352 13.2844027,-59.5886983 13.2844862,-59.5893592 13.2844862,-59.5896167 13.2844612,-59.5910415 13.2842356)",track,yes,,,,,,,,,
"LINESTRING (-59.6120743 13.2734021,-59.6121687 13.273235,-59.6122803 13.2731849,-59.6136156 13.2731184,-59.6137529 13.2731518,-59.6138903 13.2732437,-59.6140791 13.2733356,-59.614328 13.2733606,-59.6147829 13.2733272,-59.6151691 13.2733356,-59.6158214 13.2732771)",track,yes,,,,,,,,,
"LINESTRING (-59.617269 13.2815622,-59.6169086 13.2815816,-59.6159913 13.2816913,-59.6154763 13.2816913)",track,,,,,,,,,,
"LINESTRING (-59.6227746 13.2872585,-59.6209135 13.2875292)",track,yes,,,,,,,,,
"LINESTRING (-59.6354946 13.3121934,-59.6349539 13.3111577,-59.6344475 13.3093285)",track,yes,,,,,,,,,
"LINESTRING (-59.6346793 13.3126611,-59.6340098 13.3116338,-59.6338209 13.3106649,-59.6336836 13.3095624)",track,yes,,,,,,,,,
"LINESTRING (-59.6399342 13.3124669,-59.6372641 13.3108997)",track,yes,,,,,,,,,
"LINESTRING (-59.6349328 13.3138118,-59.6342587 13.3129201)",track,yes,,,,,,,,,
"LINESTRING (-59.640638 13.3113727,-59.641668 13.311924,-59.6425177 13.3123917)",track,yes,,,,,,,,,
"LINESTRING (-59.6313143 13.3142079,-59.6323275 13.3138305,-59.6342587 13.3129201,-59.6346793 13.3126611,-59.6354946 13.3121934,-59.6363272 13.3117591)",track,yes,,,,,,,,,
"LINESTRING (-59.6389455 13.3138324,-59.6399342 13.3124669,-59.640638 13.3113727,-59.6408247 13.3109489,-59.6417088 13.3094705)",track,yes,,,,,,,,,
"LINESTRING (-59.6399341 13.3145738,-59.6404183 13.3139356,-59.641668 13.311924)",track,yes,,,,,,,,,
"LINESTRING (-59.6404183 13.3139356,-59.641977 13.3143629,-59.6421572 13.3143963,-59.6422946 13.3143545,-59.6424147 13.3142459,-59.6425091 13.3140956,-59.6425692 13.3137615,-59.6425692 13.313394,-59.6425177 13.3129346,-59.6424662 13.3126256,-59.6425177 13.3123917)",track,yes,,,,,,,,,
"LINESTRING (-59.6211988 13.2918658,-59.6212568 13.2889325,-59.6212397 13.2886067,-59.6212053 13.2882392,-59.6209135 13.2875292,-59.6207504 13.2869945,-59.6207075 13.286627,-59.6206903 13.2861342,-59.6206646 13.2857917,-59.620771 13.2856944,-59.6209253 13.2856314)",track,yes,,,,,,,,,
"LINESTRING (-59.6176745 13.291573,-59.6176852 13.2916461,-59.6177066 13.2917505,-59.617712 13.2918392,-59.6177013 13.2919489,-59.6176852 13.2920063,-59.6176369 13.2920846,-59.6175672 13.2921786,-59.6174599 13.292283,-59.6174062 13.2923665,-59.6173901 13.2924605,-59.6173794 13.2925962,-59.6173848 13.2927163,-59.6173848 13.2928207,-59.6173848 13.2929095,-59.6173794 13.2929982,-59.6173901 13.2930817,-59.6173848 13.2931548)",track,yes,,,,,,,,,
"LINESTRING (-59.6144031 13.289383,-59.6162917 13.2871629,-59.6166998 13.2868526)",track,yes,,,,,,,,,
"LINESTRING (-59.617374 13.2915312,-59.6172346 13.2916356,-59.6171058 13.2917087,-59.6169985 13.291834,-59.6169342 13.2919384,-59.6169234 13.2920115,-59.6169771 13.2920428,-59.6170629 13.2920533,-59.6171702 13.2920637,-59.6172775 13.2920741,-59.6173848 13.2921055,-59.6174384 13.2922099,-59.6174599 13.292283)",track,yes,,,,,,,,,
"LINESTRING (-59.6136653 13.2920997,-59.6147811 13.2920412,-59.6168108 13.2920065,-59.6170133 13.2903022)",track,yes,,,,,,,,,
"LINESTRING (-59.6150413 13.2894646,-59.6147811 13.2920412)",track,yes,,,,,,,,,
"LINESTRING (-59.6136653 13.2920997,-59.6138198 13.2926844,-59.6135108 13.2929016,-59.6131246 13.2928097,-59.6129701 13.2918909,-59.6129832 13.2916265)",track,yes,,,,,,,,,
"LINESTRING (-59.618993 13.2988015,-59.6199932 13.2979563,-59.6213791 13.2968135,-59.6216366 13.2966047,-59.6219541 13.2963123,-59.6226783 13.2958321,-59.6240039 13.2951209)",track,yes,,,,,,,,,
"LINESTRING (-59.619378 13.296387,-59.6199932 13.2979563,-59.6210179 13.2991171,-59.6227045 13.3010278)",track,yes,,,,,,,,,
"LINESTRING (-59.6154226 13.2977893,-59.6158283 13.298615,-59.6162317 13.2989074,-59.6165852 13.2992365)",track,yes,,,,,,,,,
"LINESTRING (-59.6122491 13.2980888,-59.6144686 13.2966325)",track,yes,,,,,,,,,
"LINESTRING (-59.6132791 13.2997343,-59.6154226 13.2977893)",track,yes,,,,,,,,,
"LINESTRING (-59.6223478 13.2980022,-59.6210179 13.2991171,-59.6198856 13.3000294,-59.618375 13.3012155)",track,yes,,,,,,,,,
"LINESTRING (-59.6177986 13.2978835,-59.618169 13.2981166,-59.6184265 13.2982252,-59.618993 13.2988015,-59.6190616 13.2989435,-59.6198856 13.3000294,-59.6208383 13.3013491,-59.621422 13.3020424,-59.6223146 13.3032536,-59.6244997 13.3037489)",track,yes,,,,,,,,,
"LINESTRING (-59.6176969 13.3000294,-59.6170292 13.2986902)",track,yes,,,,,,,,,
"LINESTRING (-59.6165099 13.3009145,-59.6166755 13.300873,-59.6170836 13.3005359,-59.6176969 13.3000294,-59.6190616 13.2989435)",track,yes,,,,,,,,,
"LINESTRING (-59.6170836 13.3005359,-59.6188127 13.3025018)",track,yes,,,,,,,,,
"LINESTRING (-59.6208383 13.3013491,-59.6199457 13.3020675)",track,yes,,,,,,,,,
"LINESTRING (-59.6204264 13.303603,-59.6202168 13.3035401,-59.620186 13.3029863,-59.620083 13.3029278,-59.6202547 13.3025937,-59.6199457 13.3020675,-59.6197225 13.3018503,-59.6188127 13.3025018,-59.6166706 13.3045276,-59.6163786 13.3048505)",track,yes,,,,,,,,,
"LINESTRING (-59.6286625 13.3124106,-59.6303437 13.3119957)",track,yes,,,,,,,,,
"LINESTRING (-59.6287913 13.3136885,-59.6286625 13.3124106,-59.628611 13.3121851,-59.6285424 13.3114584,-59.6285002 13.3107971)",track,yes,,,,,,,,,
"LINESTRING (-59.6261563 13.3107317,-59.6263537 13.3122268,-59.6265168 13.3138806,-59.6274609 13.3138305,-59.6281561 13.3137553,-59.6287913 13.3136885,-59.629229 13.3136384,-59.6301731 13.3135131,-59.6309617 13.3133822)",track,yes,,,,,,,,,
"LINESTRING (-59.6280703 13.3122602,-59.628611 13.3121851)",track,yes,,,,,,,,,
"LINESTRING (-59.629229 13.3136384,-59.6297869 13.3149748,-59.6304306 13.3148578,-59.631511 13.3146685)",track,yes,,,,,,,,,
"LINESTRING (-59.6304306 13.3148578,-59.6301731 13.3135131)",track,yes,,,,,,,,,
"LINESTRING (-59.6281561 13.3137553,-59.6280703 13.3122602,-59.6280188 13.3115252,-59.627933 13.3107818)",track,yes,,,,,,,,,
"LINESTRING (-59.6251878 13.3144316,-59.6233677 13.3147512)",track,yes,,,,,,,,,
"LINESTRING (-59.6221308 13.3046594,-59.6216759 13.3049851,-59.6209893 13.3055865,-59.6206202 13.3056701,-59.6205086 13.3059039,-59.6202854 13.3060793)",track,yes,,,,,,,,,
"LINESTRING (-59.6223146 13.3032536,-59.6211731 13.3042879,-59.6201481 13.3052107,-59.620028 13.3054028,-59.6200795 13.3056032,-59.6202854 13.3060793,-59.6203455 13.3063216,-59.6201567 13.306664,-59.6199593 13.3069146,-59.619822 13.3069146,-59.6196417 13.306806,-59.6193585 13.3068478,-59.6190066 13.3069731,-59.618895 13.30709,-59.6186375 13.30709)",track,yes,,,,,,,,,
"LINESTRING (-59.6180231 13.3058499,-59.6166706 13.3045276)",track,yes,,,,,,,,,
"LINESTRING (-59.6138432 13.3097672,-59.6153795 13.3087983,-59.6166327 13.3073868,-59.6177704 13.3061293,-59.6180231 13.3058499,-59.6204264 13.303603,-59.6211731 13.3042879)",track,yes,,,,,,,,,
"LINESTRING (-59.6177704 13.3061293,-59.6186375 13.30709,-59.6189122 13.3074158,-59.6189293 13.3076496,-59.6190874 13.3077459,-59.6192555 13.3079336,-59.6198563 13.3082093,-59.6200966 13.3084181,-59.6202854 13.3086854,-59.6202425 13.3089109,-59.6200709 13.3089861,-59.6200365 13.3093285,-59.6195731 13.3096292,-59.6193413 13.3098881,-59.6191353 13.3100468,-59.6182856 13.3102222,-59.6178135 13.3103893,-59.6175854 13.3106192)",track,yes,,,,,,,,,
"LINESTRING (-59.6180231 13.308815,-59.6166327 13.3073868,-59.6154887 13.3058525)",track,yes,,,,,,,,,
"LINESTRING (-59.6204359 13.3110358,-59.6192569 13.3113328,-59.617609 13.3116836)",track,yes,,,,,,,,,
"LINESTRING (-59.6193428 13.3121597,-59.6192569 13.3113328)",track,yes,,,,,,,,,
"LINESTRING (-59.6193599 13.3151917,-59.6210937 13.3150664)",track,yes,,,,,,,,,
"LINESTRING (-59.6140921 13.3125403,-59.6145384 13.3123231,-59.615122 13.3117635,-59.6166069 13.3103185,-59.6180231 13.308815,-59.6190874 13.3077459)",track,yes,,,,,,,,,
"LINESTRING (-59.6141007 13.3107194,-59.6159546 13.3098006)",track,yes,,,,,,,,,
"LINESTRING (-59.6161069 13.3131036,-59.6164245 13.3135796,-59.6166048 13.3136214,-59.6167249 13.313755,-59.6172828 13.3140724)",track,yes,,,,,,,,,
"LINESTRING (-59.6342905 13.2467179,-59.6338619 13.2453987)",track,yes,,,,,,,,,
"LINESTRING (-59.6355 13.2463451,-59.6342905 13.2467179,-59.6329349 13.2471699,-59.632542 13.2458051)",track,yes,,,,,,,,,
"LINESTRING (-59.6404932 13.2820082,-59.6416952 13.2808383)",track,yes,,,,,,,,,
"LINESTRING (-59.6280567 13.2785745,-59.6282369 13.2771794,-59.6284429 13.2770708,-59.6291381 13.2768703,-59.6296531 13.2767032,-59.6300394 13.2764693,-59.6302368 13.2763023,-59.6311552 13.2760015,-59.6315586 13.2758345,-59.6319019 13.2755922,-59.6343824 13.273604)",track,yes,,,,,,,,,
"LINESTRING (-59.6250526 13.277831,-59.6251127 13.2775219,-59.6250698 13.2770123,-59.6250011 13.2768118,-59.6249067 13.2763023,-59.6248123 13.276177,-59.6248209 13.2759096,-59.6247157 13.2730575,-59.6246063 13.2728772)",track,yes,,,,,,,,,
"LINESTRING (-59.6321079 13.278942,-59.6324598 13.2785243,-59.6321079 13.2774801,-59.6320221 13.2772295)",track,yes,,,,,,,,,
"LINESTRING (-59.6320221 13.2772295,-59.6309234 13.2775052,-59.6305286 13.2776472,-59.6302196 13.2766114,-59.6300394 13.2764693)",track,yes,,,,,,,,,
"LINESTRING (-59.6310098 13.2790649,-59.6311123 13.2815376,-59.6296727 13.2815376,-59.6279279 13.2815376,-59.6276277 13.2800314,-59.6273185 13.2784802)",track,yes,,,,,,,,,
"LINESTRING (-59.6296727 13.2815376,-59.6296469 13.2811945,-59.6296469 13.280827,-59.6296984 13.2804093,-59.6296984 13.2802339,-59.6296641 13.2801169,-59.6294152 13.2800584,-59.6291491 13.2800668,-59.62878 13.2800584,-59.6283852 13.2800501,-59.6279732 13.28,-59.6276277 13.2800314)",track,yes,,,,,,,,,
"LINESTRING (-59.6344768 13.2937229,-59.6348459 13.2939401,-59.6350176 13.2939401,-59.6352287 13.2937621)",track,yes,,,,,,,,,
"LINESTRING (-59.6225578 13.2729369,-59.6227867 13.2728605,-59.6233789 13.2729274,-59.6246063 13.2728772,-59.6250354 13.2729441,-59.6251813 13.2728939,-59.6256792 13.2726099,-59.6258937 13.2725598,-59.6264173 13.272635,-59.6266576 13.2725514)",track,,Hope Land,,40,,,,,,
"LINESTRING (-59.6248209 13.2759096,-59.6246063 13.2757092,-59.6224267 13.275666)",track,yes,,,,,,,,,
"LINESTRING (-59.6326968 13.2850241,-59.633258 13.2866773,-59.633361 13.2869446,-59.633464 13.2871117,-59.6337043 13.2871952,-59.6337902 13.2873122)",track,yes,,,,,,,,,
"LINESTRING (-59.6303224 13.2873361,-59.6321766 13.2869067)",track,yes,,,,,,,,,
"LINESTRING (-59.632522 13.2894426,-59.6321766 13.2869067,-59.6319191 13.2851525)",track,yes,,,,,,,,,
"LINESTRING (-59.6308016 13.2898917,-59.6305802 13.2887257,-59.6303224 13.2873361,-59.6302988 13.2871897,-59.6299819 13.2855874,-59.6299605 13.2852532,-59.6297806 13.284901)",track,yes,,,,,,,,,
"LINESTRING (-59.6283869 13.2875569,-59.6302988 13.2871897)",track,yes,,,,,,,,,
"LINESTRING (-59.6305802 13.2887257,-59.628668 13.2890996)",track,yes,,,,,,,,,
"LINESTRING (-59.6293885 13.2903252,-59.629126 13.2897053,-59.628668 13.2890996,-59.6284784 13.2881012)",track,yes,,,,,,,,,
"LINESTRING (-59.6324359 13.2930299,-59.6320274 13.2921444,-59.6315757 13.2911251,-59.6312067 13.291242)",track,yes,,,,,,,,,
"LINESTRING (-59.6293885 13.2903252,-59.6297094 13.2912367,-59.6300595 13.2912041,-59.630357 13.2913005,-59.6306659 13.2913506,-59.6312067 13.291242)",track,yes,,,,,,,,,
"LINESTRING (-59.627505 13.2908864,-59.6268248 13.2886094)",track,yes,,,,,,,,,
"LINESTRING (-59.6260674 13.2888375,-59.6262411 13.2899543,-59.6265362 13.2911688)",track,yes,,,,,,,,,
"LINESTRING (-59.5939464 13.2448206,-59.5937651 13.2447796,-59.5936807 13.2447469,-59.5936163 13.2447091,-59.5934983 13.2445851,-59.5934138 13.2444428,-59.5932984 13.2443227,-59.5927995 13.2440015,-59.5926104 13.2439036,-59.5922188 13.2436634,-59.5916368 13.24326,-59.5913713 13.2429493,-59.5912653 13.2428044,-59.5912036 13.2427574,-59.5910682 13.2426974,-59.5908791 13.24267,-59.5906713 13.2426206)",track,,,,,,,,,,
"LINESTRING (-59.5954814 13.2448517,-59.5953523 13.2448663,-59.595229 13.2449463,-59.5951116 13.2449806,-59.5948709 13.2449692,-59.5945716 13.244892,-59.5943279 13.244852,-59.5941196 13.2448234,-59.5939464 13.2448206,-59.5938319 13.2448777,-59.5936499 13.2449177,-59.5935795 13.2449492,-59.5936 13.2450549,-59.5937145 13.2452806,-59.5939024 13.245532,-59.5940198 13.2457263,-59.5940814 13.2459091,-59.5939992 13.2462291,-59.5938642 13.2465148,-59.5937938 13.2466662,-59.5938202 13.2467577)",track,,,,,,,,,,
"LINESTRING (-59.6041301 13.244889,-59.6037096 13.2447303,-59.6033405 13.2445716,-59.6030658 13.2443209,-59.6028856 13.244229,-59.6023718 13.2440911,-59.6021388 13.2440285,-59.6018814 13.2438865,-59.6016239 13.2436358,-59.6013063 13.2434938,-59.6008514 13.2432181)",track,yes,,,,,,,,,
"LINESTRING (-59.6035496 13.2464817,-59.60295 13.2462973,-59.6025466 13.2462221,-59.6021474 13.2462007,-59.6017312 13.2461051,-59.6013879 13.2460634,-59.6009244 13.245938,-59.6003665 13.2458545)",track,yes,,,,,,,,,
"LINESTRING (-59.5991524 13.247346,-59.5990926 13.2471926,-59.5990283 13.2470046,-59.5990068 13.2467958,-59.5990283 13.2465451,-59.599157 13.2463154,-59.5991141 13.2461065,-59.5991355 13.245835,-59.5991999 13.2456679,-59.5993716 13.2455008,-59.5995432 13.2452929,-59.5997578 13.2450005,-59.599908 13.2446455,-59.599908 13.2443948,-59.5998866 13.2441442,-59.5997149 13.2439771,-59.5996076 13.2436847,-59.5995218 13.2431416,-59.5994789 13.2427239,-59.5994145 13.2424105,-59.5993501 13.2420972,-59.599436 13.2417422,-59.5996934 13.2415959,-59.5999724 13.2413871,-59.6003157 13.2411991,-59.6005303 13.2410947,-59.6004976 13.2408962,-59.6003581 13.2407709,-59.6002186 13.2406142,-59.6001006 13.240468,-59.6000899 13.2403636,-59.6001006 13.2401861,-59.600165 13.2399772,-59.6004874 13.2399041,-59.6007827 13.239826)",track,,Old Indian Trail,,,,,,,,
"LINESTRING (-59.6023718 13.2440911,-59.6021474 13.2462007,-59.6022418 13.2464514,-59.6020813 13.2477742)",track,yes,,,,,,,,,
"LINESTRING (-59.5983008 13.2487741,-59.5981488 13.2487551,-59.5978913 13.2487384,-59.5976681 13.2486715,-59.5963324 13.2481353,-59.5961693 13.2480601,-59.5959204 13.2477761,-59.5957831 13.2475254,-59.5957144 13.2472163,-59.5957316 13.2470241,-59.595826 13.2468153,-59.5959634 13.2465563,-59.5960234 13.246314,-59.5960149 13.2461852,-59.5960063 13.246055,-59.5958174 13.2458796,-59.5956372 13.2456373,-59.5955428 13.2454367,-59.5954999 13.2451276,-59.5954814 13.2448517,-59.5954741 13.2447433,-59.5955085 13.2445762,-59.5955943 13.2441835,-59.5955599 13.2439078,-59.5953711 13.2433815,-59.5950278 13.2425627,-59.5949763 13.242404,-59.5949591 13.2422034,-59.5951222 13.2414515,-59.5950106 13.2413429,-59.5948905 13.2412761,-59.5946673 13.2412844,-59.594427 13.2413429,-59.5941266 13.241393,-59.5940064 13.2414599,-59.5939463 13.241627,-59.5938433 13.2417272,-59.5936631 13.241769,-59.5935687 13.2417606,-59.5934313 13.2417857,-59.5932339 13.2417857,-59.5931052 13.2417439,-59.5929507 13.241769,-59.5926675 13.2417857,-59.5923499 13.2417941,-59.5920666 13.2417773,-59.5917491 13.2416604,-59.5914487 13.2418108,-59.5911777 13.2421109,-59.5909546 13.2423031,-59.5906713 13.2426206,-59.5905168 13.242771,-59.5902765 13.242913,-59.5898473 13.2430717,-59.5892122 13.2432973,-59.588723 13.2434895)",track,yes,,,,,,,,,
"LINESTRING (-59.6032481 13.248034,-59.6037224 13.2480351,-59.6041259 13.2480852,-59.6046408 13.2481019,-59.6050786 13.248269,-59.6055506 13.2484277,-59.6059884 13.2484361,-59.606366 13.2484027)",track,yes,,,,,,,,,
"LINESTRING (-59.6296867 13.2668938,-59.6296205 13.2676868,-59.6295615 13.2684543,-59.6295722 13.2687362,-59.6296232 13.268872,-59.629709 13.2689085,-59.6298029 13.2688903,-59.6298727 13.2688485,-59.6299558 13.2687258,-59.6301999 13.2684961,-59.6303742 13.2683864,-59.6305164 13.2683786,-59.6306183 13.2684203,-59.631034 13.268885)",track,,,,,,,,,,
"LINESTRING (-59.6028222 13.2557896,-59.6026109 13.257095)",track,yes,,,,,,,,,
"LINESTRING (-59.6032976 13.2571452,-59.6031688 13.2587408)",track,yes,,,,,,,,,
"LINESTRING (-59.6061471 13.2593507,-59.6055892 13.2591669,-59.6043447 13.2589915,-59.6041559 13.2589831,-59.6031688 13.2587408,-59.6012117 13.2581978,-59.599315 13.2576047,-59.5987056 13.257329,-59.5987915 13.2569864,-59.5991605 13.256928,-59.6001819 13.2569196,-59.6012976 13.2569697,-59.6026109 13.257095,-59.6032976 13.2571452,-59.603967 13.2572036,-59.6042846 13.2572287)",track,yes,,,,,,,,,
"LINESTRING (-59.5983276 13.2507218,-59.5981541 13.2507534,-59.5977538 13.2507338,-59.5972956 13.2507093)",track,,,,,,,,,,
"LINESTRING (-59.6002302 13.2556309,-59.6001819 13.2569196)",track,yes,,,,,,,,,
"LINESTRING (-59.6042417 13.261456,-59.604133 13.2616271,-59.6038383 13.2620909,-59.6037181 13.2621661,-59.603598 13.2621661,-59.6034692 13.2620909,-59.6025337 13.2615312,-59.6023706 13.2613975,-59.6022933 13.2612805,-59.6022418 13.2610884,-59.6021388 13.2609631,-59.6020101 13.2608962,-59.601169 13.2603783,-59.6011604 13.2600525,-59.6011775 13.2588411)",track,yes,,,,,,,,,
"LINESTRING (-59.6084829 13.268365,-59.6084915 13.2675964,-59.6085688 13.2674043,-59.6087147 13.2673959,-59.6095301 13.2674795,-59.6097875 13.2676883,-59.6099678 13.2678387,-59.6102339 13.2678888,-59.6102425 13.2681311)",track,yes,,,,,,,,,
"LINESTRING (-59.6047777 13.2674012,-59.6038336 13.2672842,-59.603147 13.2672341)",track,yes,,,,,,,,,
"LINESTRING (-59.6047348 13.2680027,-59.6031555 13.2678022,-59.603147 13.2672341,-59.6032671 13.2658306,-59.6026749 13.2657554,-59.6025118 13.2657053,-59.6023144 13.2657471,-59.6022972 13.2650036,-59.6021427 13.2649117,-59.6017994 13.265037)",track,yes,,,,,,,,,
"LINESTRING (-59.5997654 13.2667704,-59.6012245 13.2669041,-59.6018081 13.2670294,-59.6019026 13.2671213,-59.6019712 13.2674972,-59.6019111 13.2677812,-59.6013962 13.2677812,-59.6009241 13.2677144,-59.6003748 13.2676893,-59.6000046 13.2678074)",track,yes,,,,,,,,,
"LINESTRING (-59.5995077 13.2627814,-59.5994906 13.2639092,-59.5995163 13.2647613,-59.5995936 13.2648699,-59.6008896 13.2649785,-59.6016278 13.265037,-59.6017994 13.265037,-59.6018767 13.2649033,-59.6018853 13.2644104)",track,yes,,,,,,,,,
"LINESTRING (-59.598348 13.263845,-59.5994906 13.2639092)",track,yes,,,,,,,,,
"LINESTRING (-59.598348 13.263845,-59.5978855 13.2638173,-59.5976796 13.2637003,-59.5975251 13.2635333,-59.5973019 13.2633996,-59.5970015 13.2632492,-59.5965466 13.2630905,-59.5960488 13.2629652,-59.5957484 13.2629735)",track,yes,,,,,,,,,
"LINESTRING (-59.5969929 13.2649033,-59.5961518 13.2647697,-59.5958256 13.2646861)",track,yes,,,,,,,,,
"LINESTRING (-59.5997911 13.2662942,-59.6007009 13.2664112,-59.6007353 13.2663694)",track,yes,,,,,,,,,
"LINESTRING (-59.598436 13.2658305,-59.5989328 13.2659016,-59.5994135 13.2659016,-59.5998598 13.2659851,-59.6003233 13.2661271,-59.6007353 13.2663694,-59.6010872 13.2665448,-59.6012502 13.2666952,-59.6012245 13.2669041)",track,yes,,,,,,,,,
"LINESTRING (-59.5996749 13.2677639,-59.5997654 13.2667704,-59.5997911 13.2662942,-59.5998598 13.2659851)",track,yes,,,,,,,,,
"LINESTRING (-59.5987122 13.268096,-59.6002535 13.2679912)",track,yes,,,,,,,,,
"LINESTRING (-59.5976796 13.2637003,-59.5974993 13.2637588,-59.597465 13.2638674,-59.5973191 13.2639426,-59.597156 13.2639426,-59.5971474 13.2640596,-59.5970702 13.2645107,-59.5969929 13.2649033,-59.596893 13.2667711,-59.5968994 13.2674056,-59.5968699 13.2676771,-59.596843 13.2680661,-59.596853 13.2681764,-59.5969165 13.2683336)",track,yes,,,,,,,,,
"LINESTRING (-59.5946671 13.2657275,-59.594551 13.2659887,-59.5942979 13.2663392,-59.5942292 13.2668321,-59.5941996 13.2672448,-59.5943091 13.2674779,-59.5944035 13.267812,-59.5944979 13.2681879,-59.5946095 13.2684803,-59.5946867 13.2687894,-59.5947725 13.268873)",track,yes,,,,,,,,,
"LINESTRING (-59.5942979 13.2663392,-59.5940375 13.2664046,-59.5936625 13.2664551,-59.5932912 13.2664299,-59.5931799 13.2664154,-59.5931353 13.2664696,-59.5929497 13.2669285,-59.5929547 13.267308)",track,,,,,,,,,,
"LINESTRING (-59.5941996 13.2672448,-59.5941493 13.2673056,-59.594098 13.2673185,-59.5929547 13.267308,-59.5928377 13.2673193,-59.5926673 13.2673479,-59.5926587 13.2670889,-59.5927843 13.267086,-59.5928188 13.2671107,-59.5928316 13.2671926,-59.5928377 13.2673193)",track,yes,,,,,,,,,
"LINESTRING (-59.5928714 13.268866,-59.5928664 13.2686722,-59.5928714 13.26851,-59.5928813 13.268384,-59.5928764 13.2683041,-59.5928415 13.2681661,-59.5928166 13.2680523,-59.5928117 13.2679384,-59.5928316 13.2678271,-59.5929547 13.267308)",track,,,,,,,,,,
"LINESTRING (-59.6094746 13.2427935,-59.6076148 13.2425998)",track,yes,,,,,,,,,
"LINESTRING (-59.607674 13.2415849,-59.6076148 13.2425998,-59.607529 13.2432014)",track,yes,,,,,,,,,
"LINESTRING (-59.6135221 13.2427454,-59.6119875 13.2426088)",track,,,,,,,,,,
"LINESTRING (-59.6118892 13.2431763,-59.6094512 13.2430074)",track,yes,,,,,,,,,
"LINESTRING (-59.6096064 13.2415936,-59.6094746 13.2427935,-59.6094512 13.2430074,-59.6093251 13.244155,-59.6092885 13.244488)",track,yes,,,,,,,,,
"LINESTRING (-59.6202469 13.2383331,-59.6207984 13.242391)",track,yes,,,,,,,,,
"LINESTRING (-59.6093251 13.244155,-59.6117605 13.2444128)",track,yes,,,,,,,,,
"LINESTRING (-59.6036125 13.2464334,-59.6039585 13.2455992,-59.6041301 13.244889,-59.6042245 13.2438865,-59.6041645 13.2436609,-59.6042675 13.2433852,-59.6042074 13.2431596,-59.6042331 13.2430259,-59.6043533 13.2428839,-59.6044477 13.242792,-59.6044906 13.2426583,-59.6044563 13.2423826,-59.6044134 13.2417309,-59.6044002 13.2406452)",track,yes,,,,,,,,,
"LINESTRING (-59.6116832 13.2450311,-59.6117605 13.2444128,-59.6118892 13.2431763,-59.6119875 13.2426088,-59.6121295 13.2417894)",track,yes,,,,,,,,,
"LINESTRING (-59.6058029 13.2468814,-59.6058491 13.2466607,-59.6061901 13.2450311,-59.6062931 13.2438614)",track,yes,,,,,,,,,
"LINESTRING (-59.6066311 13.2469028,-59.6067394 13.2463261,-59.6069196 13.2459501,-59.6093229 13.2460671)",track,yes,,,,,,,,,
"LINESTRING (-59.6091444 13.2476409,-59.6092628 13.2468273,-59.6093229 13.2460671,-59.6093486 13.2459501,-59.609486 13.2459083,-59.610164 13.2459919,-59.6105159 13.2460504,-59.6107906 13.2460336,-59.6111253 13.2460754,-59.6119235 13.2463929,-59.6120265 13.2466101,-59.6120094 13.2468273,-59.6117519 13.2468273,-59.6115888 13.2468942,-59.6115459 13.2472367,-59.6115373 13.2474957)",track,yes,,,,,,,,,
"LINESTRING (-59.6114246 13.2479285,-59.6111086 13.2477891,-59.6108297 13.2476951,-59.6105936 13.2476951,-59.6104327 13.2477264,-59.6102718 13.2477995,-59.6100786 13.2478517,-59.6098426 13.2478517,-59.6097309 13.2478864)",track,yes,,,,,,,,,
"LINESTRING (-59.6114246 13.2479285,-59.6117309 13.2480919,-59.6123102 13.2482486,-59.6126106 13.2483112,-59.6128145 13.248353,-59.6139303 13.2485097,-59.6140698 13.2485305,-59.6141985 13.2485619,-59.6154323 13.2490423,-59.6155971 13.249058,-59.6156486 13.2489828,-59.6155628 13.2488241,-59.6152538 13.2482894,-59.6152795 13.247855,-59.6151937 13.2477547,-59.6118892 13.247362,-59.6116489 13.2473537,-59.6115373 13.2474957,-59.6114246 13.2479285)",track,yes,,,,,,,,,
"LINESTRING (-59.6050746 13.2469047,-59.6050399 13.2468273,-59.6041301 13.244889)",track,yes,,,,,,,,,
"LINESTRING (-59.6304084 13.2566369,-59.6306659 13.2567205,-59.6307518 13.2569043,-59.6312667 13.256946,-59.6320306 13.2569126)",track,yes,,,,,,,,,
"LINESTRING (-59.6236106 13.2598791,-59.6236732 13.2590348,-59.6237419 13.2587424,-59.6241195 13.2581576,-59.6242053 13.2576396,-59.624008 13.2573602,-59.6235095 13.2573142,-59.6228445 13.2572091)",track,yes,,unpaved,,,,,,,
"LINESTRING (-59.6160348 13.2544216,-59.6156463 13.256696,-59.6153888 13.2568213,-59.6148996 13.2570636,-59.6146249 13.2570636,-59.6144275 13.256955,-59.6140498 13.2569382,-59.6137923 13.2570886,-59.6134061 13.2570385,-59.6128911 13.2570134,-59.6127109 13.2569215,-59.6122903 13.2568881,-59.6119235 13.2568528)",track,yes,,,,,,,,,
"LINESTRING (-59.6238323 13.265379,-59.6238565 13.2652458,-59.6238538 13.2650866,-59.6238162 13.2650004,-59.6237599 13.2649743,-59.623666 13.2649508,-59.6235695 13.2648803,-59.6235024 13.2647707,-59.6234407 13.2646062,-59.6233427 13.2643563)",track,,,,,,,,,,
"LINESTRING (-59.608849 13.2565745,-59.6119235 13.2568528,-59.6120437 13.2559756,-59.6119235 13.255608,-59.611872 13.2553323,-59.6118635 13.2550232)",track,yes,,,,,,,,,
"LINESTRING (-59.6088905 13.2552466,-59.608849 13.2565745,-59.6087478 13.2573958)",track,yes,,,,,,,,,
"LINESTRING (-59.6041011 13.2559901,-59.6041269 13.2562993,-59.603967 13.2572036)",track,yes,,,,,,,,,
"LINESTRING (-59.6042846 13.2572287,-59.6042467 13.2577458,-59.6041559 13.2589831)",track,yes,,,,,,,,,
"LINESTRING (-59.6055892 13.2591669,-59.6054519 13.2586657,-59.6054347 13.2582396,-59.6054433 13.2579555,-59.6042467 13.2577458)",track,yes,,,,,,,,,
"LINESTRING (-59.6041044 13.2599188,-59.6055377 13.260253,-59.6056322 13.2600525,-59.6057523 13.259877,-59.6059154 13.2597851,-59.6061042 13.2597851,-59.6061471 13.2593507)",track,yes,,,,,,,,,
"LINESTRING (-59.603737 13.2608254,-59.6041044 13.2599188,-59.6043447 13.2589915)",track,yes,,,,,,,,,
"LINESTRING (-59.6352276 13.2978553,-59.6342716 13.2967711,-59.6329978 13.295378)",track,yes,,,,,,,,,
"LINESTRING (-59.6352629 13.3003349,-59.6347212 13.2980724)",track,yes,,,,,,,,,
"LINESTRING (-59.6365625 13.3000461,-59.6352629 13.3003349,-59.6335928 13.300706)",track,yes,,,,,,,,,
"LINESTRING (-59.6386077 13.3019645,-59.6384961 13.3019812,-59.6383073 13.3019395,-59.638273 13.3018225,-59.6383846 13.3015553,-59.6384704 13.3013715,-59.6385562 13.3006114,-59.6386335 13.3003274,-59.6387622 13.2986067,-59.638788 13.2984647)",track,yes,,,,,,,,,
"LINESTRING (-59.6404126 13.2994959,-59.6386729 13.3019975)",track,yes,,unpaved,,,,,,,
"LINESTRING (-59.6408903 13.30311,-59.6386729 13.3019975,-59.6386077 13.3019645)",track,yes,,,,,,,,,
"LINESTRING (-59.6332628 13.3038822,-59.6351463 13.3027357,-59.635169 13.3026926,-59.6365625 13.3000461,-59.6374421 13.2983648)",track,yes,,,,,,,,,
"LINESTRING (-59.6360647 13.3041974,-59.635169 13.3026926,-59.6339189 13.301157,-59.6335928 13.300706,-59.6326441 13.2993922)",track,yes,,,,,,,,,
"LINESTRING (-59.6372542 13.3069397,-59.6367857 13.3055589)",track,yes,,,,,,,,,
"LINESTRING (-59.635632 13.307516,-59.6353725 13.3069202,-59.6350691 13.3061352)",track,yes,,,,,,,,,
"LINESTRING (-59.6332115 13.3069063,-59.634293 13.3065387,-59.6350691 13.3061352,-59.6367857 13.3055589)",track,yes,,,,,,,,,
"LINESTRING (-59.6346336 13.3071916,-59.6353725 13.3069202)",track,yes,,,,,,,,,
"LINESTRING (-59.6349389 13.3077769,-59.6346336 13.3071916,-59.634293 13.3065387)",track,yes,,,,,,,,,
"LINESTRING (-59.6369452 13.30851,-59.6374859 13.3092199)",track,yes,,,,,,,,,
"LINESTRING (-59.6338124 13.3082009,-59.6349389 13.3077769,-59.635632 13.307516,-59.6372542 13.3069397)",track,yes,,,,,,,,,
"LINESTRING (-59.636207 13.3087438,-59.6366104 13.3092784)",track,yes,,,,,,,,,
"LINESTRING (-59.6355204 13.3089944,-59.6366276 13.3103893)",track,yes,,,,,,,,,
"LINESTRING (-59.632482 13.3109322,-59.6323876 13.3098714,-59.6329455 13.3097127,-59.6336836 13.3095624,-59.6344475 13.3093285,-59.6346707 13.309245,-59.6355204 13.3089944,-59.636207 13.3087438,-59.6369452 13.30851,-59.6386297 13.3078984)",track,yes,,,,,,,,,
"LINESTRING (-59.6408247 13.3109489,-59.6378302 13.3100578)",track,yes,,,,,,,,,
"LINESTRING (-59.6227988 13.2886916,-59.6212568 13.2889325)",track,yes,,,,,,,,,
"LINESTRING (-59.6273864 13.2955449,-59.6268715 13.2957119,-59.6264251 13.2958122)",track,yes,,,,,,,,,
"LINESTRING (-59.6323053 13.3022345,-59.6339189 13.301157)",track,yes,,,,,,,,,
"LINESTRING (-59.6341078 13.3052749,-59.6332628 13.3038822,-59.6323139 13.3023181,-59.6323053 13.3022345,-59.632168 13.3021761,-59.6311421 13.300595)",track,yes,,,,,,,,,
"LINESTRING (-59.6277761 13.3008751,-59.6259404 13.3011279,-59.6247044 13.3012114)",track,yes,,,,,,,,,
"LINESTRING (-59.6283228 13.3030016,-59.6260912 13.3031032,-59.625971 13.3028025,-59.6259404 13.3011279)",track,yes,,,,,,,,,
"LINESTRING (-59.6244997 13.3037489,-59.6247044 13.3012114,-59.624853 13.3003107,-59.6249405 13.3000787,-59.6250554 13.2999702)",track,yes,,,,,,,,,
"LINESTRING (-59.6244997 13.3037489,-59.6241392 13.3039327,-59.623856 13.3042501,-59.62365 13.3045759,-59.6234955 13.304935)",track,yes,,,,,,,,,
"LINESTRING (-59.6223146 13.3032536,-59.6221308 13.3046594,-59.6234955 13.304935)",track,yes,,,,,,,,,
"LINESTRING (-59.6226783 13.2958321,-59.621705 13.294493)",track,yes,,,,,,,,,
"LINESTRING (-59.6239454 13.2999626,-59.6223478 13.2980022,-59.6213791 13.2968135)",track,yes,,,,,,,,,
"LINESTRING (-59.621422 13.3020424,-59.6227045 13.3010278,-59.6239454 13.2999626)",track,yes,,,,,,,,,
"LINESTRING (-59.6299325 13.3065022,-59.6308221 13.3064049,-59.6314949 13.3062965,-59.6325163 13.3059875,-59.6341078 13.3052749,-59.6360647 13.3041974)",track,yes,,unpaved,,,,,,,
"LINESTRING (-59.6367897 13.3115311,-59.636727 13.3114952,-59.6366396 13.3114392,-59.6357092 13.3105313,-59.6346707 13.309245,-59.6338124 13.3082009,-59.6337008 13.307942,-59.6336922 13.3075995,-59.6336321 13.3074408,-59.6332115 13.3069063,-59.6325163 13.3059875,-59.6310317 13.3038111,-59.630293 13.3041706,-59.6293453 13.3042362)",track,yes,,unpaved,,,,,,,
"LINESTRING (-59.627727 13.3074575,-59.6290488 13.307374)",track,yes,,,,,,,,,
"LINESTRING (-59.6251263 13.3085601,-59.6258473 13.3076079,-59.6262335 13.307207,-59.6265339 13.3069981,-59.6280789 13.3060459,-59.6285338 13.3059123,-59.6297256 13.3055904)",track,yes,,,,,,,,,
"LINESTRING (-59.6251263 13.3085601,-59.6277785 13.3085434,-59.6291432 13.3085183)",track,yes,,,,,,,,,
"LINESTRING (-59.627933 13.3107818,-59.6277785 13.3085434,-59.6277441 13.3079086,-59.627727 13.3074575,-59.6276583 13.3071735)",track,yes,,,,,,,,,
"LINESTRING (-59.6241686 13.3089821,-59.6246714 13.3091364,-59.6251263 13.3085601)",track,yes,,,,,,,,,
"LINESTRING (-59.6299934 13.3111566,-59.6307053 13.3110825,-59.6315722 13.310999,-59.632482 13.3109322,-59.6338209 13.3106649)",track,yes,,,,,,,,,
"LINESTRING (-59.6285424 13.3114584,-59.6299934 13.3111566)",track,yes,,,,,,,,,
"LINESTRING (-59.6417689 13.2534849,-59.6419199 13.2536293,-59.642072 13.2537435,-59.642224 13.2538915,-59.642382 13.2538861)",track,yes,,unpaved,,,,,,,
"LINESTRING (-59.6419955 13.2549655,-59.6424193 13.2551169)",track,yes,,unpaved,,,,,,,
"LINESTRING (-59.6331105 13.2943835,-59.6332392 13.2944109,-59.6333331 13.2943874,-59.6336786 13.2941907,-59.6339876 13.2939985,-59.6341593 13.2938398,-59.6344768 13.2937229)",track,yes,,,,,,,,,
"LINESTRING (-59.6368603 13.2955287,-59.6366655 13.2953517,-59.636638 13.2953217,-59.635893 13.2945081,-59.6356441 13.2941155,-59.6354639 13.2938398,-59.6352287 13.2937621)",track,yes,,,,,,,,,
"LINESTRING (-59.6414737 13.2956287,-59.6401896 13.295556,-59.6398523 13.2946189,-59.6397888 13.2944539)",track,yes,,,,,,,,,
"LINESTRING (-59.638788 13.2984647,-59.6387965 13.2980721,-59.6402275 13.2981249)",track,yes,,,,,,,,,
"LINESTRING (-59.6342716 13.2967711,-59.636638 13.2953217)",track,yes,,,,,,,,,
"LINESTRING (-59.6375732 13.2981616,-59.638788 13.2984647)",track,yes,,,,,,,,,
"LINESTRING (-59.6371757 13.2966113,-59.6352276 13.2978553)",track,yes,,,,,,,,,
"LINESTRING (-59.6180442 13.3282741,-59.618493 13.3278427,-59.6190016 13.3274238,-59.6198635 13.3275298,-59.6215629 13.3276468,-59.6218719 13.3276468,-59.6220264 13.3275382,-59.6222839 13.3276718,-59.6226332 13.3278518)",track,yes,,,,,,,,,
"LINESTRING (-59.6327765 13.3262944,-59.632573 13.3263436,-59.6324402 13.3264088,-59.6322404 13.3265315,-59.6320513 13.3266698,-59.6318595 13.3268199,-59.6316557 13.3269374,-59.6315376 13.3270078,-59.6314357 13.3270966,-59.631362 13.3271775,-59.6312359 13.3273876,-59.631193 13.3275677,-59.6311755 13.3276942,-59.6311501 13.327826,-59.6311045 13.3279291,-59.6310629 13.3280114,-59.6310428 13.3280662,-59.6310441 13.3281419,-59.6310911 13.3281849,-59.6311608 13.3282084,-59.6312024 13.3282332,-59.6312386 13.3282789,-59.6312587 13.3283076)",track,,,,,,,,,,
"LINESTRING (-59.6123828 13.33309,-59.6122515 13.3331252,-59.6121509 13.3331722,-59.612104 13.3332283,-59.6120812 13.3332922,-59.6120557 13.3333862,-59.6120128 13.3334501,-59.6119661 13.3335256,-59.6119176 13.3336041)",track,,,,,,,,,,
"LINESTRING (-59.6130509 13.3344824,-59.6131936 13.3344011,-59.6133287 13.3343836,-59.6134625 13.3342853,-59.6136315 13.3341914,-59.6138809 13.3340504,-59.6140848 13.3339512,-59.6142699 13.3340008,-59.6144469 13.3341783)",track,,,,,,,,,,
"LINESTRING (-59.6038339 13.3275035,-59.6029622 13.3270509)",track,yes,,,,,,,,,
"LINESTRING (-59.6123745 13.3316161,-59.6122248 13.3319239,-59.6120967 13.3324542,-59.6120503 13.332508,-59.6119866 13.3325226,-59.6117941 13.3324939,-59.6114576 13.332431,-59.6112136 13.3324057,-59.6110661 13.3324918)",track,yes,,,,,,,,,
"LINESTRING (-59.5940647 13.3102545,-59.5960206 13.3101693,-59.5961992 13.3101234,-59.596328 13.31009,-59.5964332 13.3101164,-59.5964911 13.310184)",track,yes,,,,,,,,,
"LINESTRING (-59.5979491 13.3125232,-59.5977479 13.3124804,-59.5967437 13.3124052,-59.5965463 13.3123217,-59.5964776 13.3120961,-59.5964911 13.310184)",track,yes,,,,,,,,,
"LINESTRING (-59.5992517 13.3154189,-59.5992774 13.3152184,-59.5989169 13.3145753)",track,yes,,,,,,,,,
"LINESTRING (-59.6291761 13.3185529,-59.6302111 13.3186724,-59.6302747 13.3201565,-59.6302661 13.3215513,-59.6300859 13.3244578,-59.6315879 13.3245748,-59.6329264 13.3242646)",track,yes,,,,,,,,,
"LINESTRING (-59.6330981 13.3240474,-59.6331879 13.324124,-59.634072 13.3245333,-59.6351191 13.3248089,-59.6360718 13.3249008)",track,yes,,,,,,,,,
"LINESTRING (-59.6240494 13.3266575,-59.623389 13.3259634,-59.6236379 13.3253954,-59.6232516 13.3250948,-59.6231486 13.3246772,-59.6233546 13.3241092,-59.6230285 13.3237167,-59.6229598 13.3229733,-59.6229684 13.3219043,-59.6226787 13.3204473)",track,yes,,,,,,,,,
"LINESTRING (-59.5955207 13.3183814,-59.5957326 13.318693,-59.5958377 13.3188212,-59.5959901 13.3189101)",track,yes,,,,,,,,,
"LINESTRING (-59.5923766 13.2976316,-59.5920887 13.2978293,-59.591613 13.2978994,-59.5910808 13.2980581,-59.5901882 13.2980581,-59.5897333 13.2979328)",track,yes,,,,,,,,,
"LINESTRING (-59.5965681 13.2987571,-59.5966681 13.297239)",track,yes,,,,,,,,,
"LINESTRING (-59.5999287 13.2987366,-59.5977354 13.2987905,-59.5969543 13.2987905,-59.5965681 13.2987571,-59.5951538 13.2986122,-59.5945101 13.2984452,-59.5934801 13.2980943,-59.5932226 13.2979941,-59.5928793 13.2980192,-59.5927162 13.2979774,-59.5925274 13.2978354,-59.5923766 13.2976316,-59.5923594 13.2974813,-59.5924281 13.297214,-59.5925225 13.2968297,-59.5926856 13.2965624)",track,yes,,unpaved,,,,,,,
"LINESTRING (-59.5997408 13.2998521,-59.6018894 13.2999432)",track,yes,,,,,,,,,
"LINESTRING (-59.5977354 13.2987905,-59.597641 13.2996676,-59.597641 13.3001019,-59.597641 13.3006365,-59.5976667 13.3009623)",track,yes,,,,,,,,,
"LINESTRING (-59.5951538 13.2986122,-59.5951862 13.3009205,-59.5957355 13.3008787,-59.5961218 13.3008787,-59.5965681 13.3009539,-59.59692 13.3009539,-59.5976667 13.3009623,-59.5984392 13.3009205,-59.5995916 13.3010159)",track,yes,,,,,,,,,
"LINESTRING (-59.6390397 13.2752821,-59.6387361 13.275088,-59.6382319 13.2745972,-59.6378269 13.2742004,-59.6376471 13.2741012,-59.6373038 13.2740203,-59.636821 13.2739315,-59.6365045 13.2738532,-59.6361849 13.2737484,-59.6360796 13.2737572,-59.6359379 13.2738686,-59.635812 13.2739494,-59.6357055 13.2739452,-59.6355258 13.273893,-59.6354341 13.2739032,-59.6353246 13.27397,-59.6352401 13.2741384,-59.6351147 13.2742358,-59.6349154 13.2743141,-59.6348415 13.2743085,-59.6347695 13.2742807,-59.6346447 13.2740674,-59.6344505 13.2737189,-59.6343824 13.273604,-59.6338507 13.2725629,-59.6333868 13.271549)",track,yes,,,,,,,,,
"LINESTRING (-59.6378129 13.2806776,-59.6361837 13.2812923)",track,yes,,,,,,,,,
"LINESTRING (-59.6340559 13.2821786,-59.6342012 13.2828219,-59.6345197 13.2841212)",track,yes,,,,,,,,,
"LINESTRING (-59.6001676 13.2978861,-59.6002883 13.2979566,-59.6004331 13.2980088,-59.6006638 13.2980297,-59.6009427 13.2980323,-59.6011975 13.2980714,-59.6013746 13.2981315,-59.6014416 13.2982567,-59.601742 13.2986431,-59.6019727 13.2988467,-59.6023187 13.299139,-59.6026227 13.2994195)",track,,,,,,,,,,
"LINESTRING (-59.6114337 13.2943884,-59.6114681 13.2951319,-59.6116088 13.2961048,-59.6118371 13.2967607,-59.6119659 13.2972953,-59.6122491 13.2980888,-59.6125409 13.2984229,-59.6126954 13.2988823,-59.6132791 13.2997343)",track,yes,,,,,,,,,
"LINESTRING (-59.6098294 13.3135438,-59.6126158 13.3134674,-59.613002 13.3134924,-59.6137831 13.3134924,-59.6143324 13.3135927,-59.6146156 13.3135175)",track,yes,,,,,,,,,
"LINESTRING (-59.6214027 13.3162942,-59.6210937 13.3150664,-59.62045 13.3121597,-59.6204586 13.3117004,-59.620598 13.3112623)",track,yes,,,,,,,,,
"LINESTRING (-59.6130608 13.308483,-59.6138432 13.3097672,-59.6141007 13.3107194,-59.6141693 13.3114878,-59.6140921 13.3125403,-59.6141522 13.3128409,-59.6142809 13.3130999,-59.6146156 13.3135175,-59.6148645 13.3136678,-59.6159203 13.3148288,-59.6116669 13.3180679)",track,yes,,,,,,,,,
"LINESTRING (-59.62045 13.3121597,-59.6193428 13.3121597,-59.6190252 13.3122182,-59.6193599 13.3151917,-59.6195402 13.3171377)",track,yes,,,,,,,,,
"LINESTRING (-59.6174202 13.3179897,-59.6172828 13.3140724,-59.6174802 13.3121681)",track,yes,,,,,,,,,
"LINESTRING (-59.6254024 13.3164696,-59.6252565 13.3152585,-59.6251878 13.3144316,-59.6250162 13.3127528,-59.6248703 13.3107565)",track,yes,,,,,,,,,
"LINESTRING (-59.6099617 13.3052364,-59.6104046 13.3060665,-59.611248 13.3076527)",track,yes,,,,,,,,,
"LINESTRING (-59.608141 13.3078364,-59.609025 13.3077028,-59.6093254 13.3077111,-59.6094885 13.3078197,-59.6096087 13.3081204,-59.6102867 13.3080536,-59.61057 13.3079032,-59.6109133 13.3078615,-59.6111451 13.3077779,-59.611248 13.3076527,-59.6115227 13.3074605,-59.6116085 13.3072851,-59.6116 13.3069093,-59.6116429 13.3067088,-59.6118317 13.306525,-59.6120634 13.3064165,-59.6124497 13.3061492,-59.6127758 13.305907)",track,yes,,,,,,,,,
"LINESTRING (-59.609491 13.305486,-59.6102953 13.3061492)",track,yes,,,,,,,,,
"LINESTRING (-59.6104046 13.3060665,-59.6102953 13.3061492,-59.608244 13.3076109,-59.608141 13.3078364)",track,yes,,,,,,,,,
"LINESTRING (-59.6066336 13.3110501,-59.6074433 13.3102029,-59.6076407 13.3099189,-59.607718 13.3096516,-59.6076836 13.3093676,-59.6075635 13.3090168,-59.6074948 13.3088665)",track,yes,,,,,,,,,
"LINESTRING (-59.6076059 13.3143787,-59.6070735 13.3126183,-59.6066336 13.3110501)",track,yes,,,,,,,,,
"LINESTRING (-59.6066336 13.3110501,-59.604082 13.3110319,-59.6032752 13.3107897,-59.6028975 13.3108398)",track,yes,,,,,,,,,
"LINESTRING (-59.6039836 13.3131278,-59.6070735 13.3126183,-59.6082752 13.3123761)",track,yes,,,,,,,,,
"LINESTRING (-59.6048333 13.3148963,-59.6042087 13.3143755,-59.6040695 13.3137709,-59.6039836 13.3131278)",track,yes,,,,,,,,,
"LINESTRING (-59.6067388 13.3150049,-59.606404 13.31503,-59.6060521 13.3150133,-59.6054942 13.3149966,-59.6051767 13.3149966,-59.6048333 13.3148963,-59.6045759 13.3150467,-59.6040265 13.3152471,-59.6033989 13.3155066)",track,yes,,,,,,,,,
"LINESTRING (-59.6039836 13.3131278,-59.6018174 13.3125503)",track,yes,,,,,,,,,
"LINESTRING (-59.6042087 13.3143755,-59.6017005 13.3134953)",track,yes,,,,,,,,,
"LINESTRING (-59.632975 13.3179888,-59.6314935 13.3182606,-59.6308326 13.3180351)",track,yes,,,,,,,,,
"LINESTRING (-59.6267006 13.3181713,-59.6272392 13.3177308,-59.6281662 13.3172129,-59.6285095 13.3171461,-59.629033 13.3169039,-59.6301488 13.316386)",track,yes,,,,,,,,,
"LINESTRING (-59.631631 13.3201314,-59.6314935 13.3182606)",track,yes,,,,,,,,,
"LINESTRING (-59.633444 13.3201606,-59.631631 13.3201314,-59.6302747 13.3201565)",track,yes,,,,,,,,,
"LINESTRING (-59.6292349 13.3180345,-59.6291761 13.3185529,-59.6288097 13.3200803,-59.6276768 13.3205815)",track,yes,,,,,,,,,
"LINESTRING (-59.6237471 13.3177014,-59.6242866 13.3173883,-59.6245375 13.3171569,-59.6249475 13.3167786,-59.6254024 13.3164696,-59.6260633 13.3163777,-59.6271019 13.3161772,-59.6275825 13.316077,-59.6285524 13.3156844)",track,yes,,,,,,,,,
"LINESTRING (-59.6285524 13.3156844,-59.6281662 13.3172129,-59.6279107 13.3181311)",track,yes,,,,,,,,,
"LINESTRING (-59.6267874 13.3183667,-59.6267006 13.3181713,-59.6260633 13.3163777)",track,yes,,,,,,,,,
"LINESTRING (-59.6234829 13.3156173,-59.624269 13.3154582,-59.6247026 13.3153705,-59.6252565 13.3152585)",track,yes,,,,,,,,,
"LINESTRING (-59.6249475 13.3167786,-59.6247026 13.3153705)",track,yes,,,,,,,,,
"LINESTRING (-59.6245375 13.3171569,-59.624269 13.3154582)",track,yes,,,,,,,,,
"LINESTRING (-59.6333427 13.3215255,-59.6302661 13.3215513)",track,yes,,,,,,,,,
"LINESTRING (-59.6234646 13.3154731,-59.6214027 13.3162942,-59.6195402 13.3171377,-59.6174202 13.3179897)",track,yes,,,,,,,,,
"LINESTRING (-59.6220937 13.3193708,-59.6225585 13.3200297,-59.6226787 13.3204473)",track,yes,,,,,,,,,
"LINESTRING (-59.619483 13.3212055,-59.6168241 13.3184509)",track,,,,,,,,,,
"LINESTRING (-59.6087506 13.3157019,-59.6084663 13.315363)",track,yes,,,,,,,,,